# Well Pumping Time Series Data for Well 100178 : 100178
# Start Date 1991
# Steady State Simulation
# Created on 18-May-2018 13:19:01
# Column-1: Time in days from start date
# Column-2: Pumping Volume in cubic meters
         0 -0.66
         1 -0.66
        60 -0.54
        90 -0.48
       120 -0.48
       150 -0.45
       180 -0.51
       210 -0.56
       240 -0.70
       270 -0.74
       300 -0.79
       330 -0.79
       360 -0.72
       390 -0.66
       420 -0.54
       450 -0.48
       480 -0.50
       510 -0.47
       540 -0.54
       570 -0.60
       600 -0.74
       630 -0.78
       660 -0.83
       690 -0.83
       720 -0.76
       750 -0.70
       780 -0.57
       810 -0.51
       840 -0.48
       870 -0.45
       900 -0.51
       930 -0.56
       960 -0.70
       990 -0.74
      1020 -0.79
      1050 -0.79
      1080 -0.72
      1110 -0.66
      1140 -0.54
      1170 -0.48
      1200 -0.48
      1230 -0.45
      1260 -0.51
      1290 -0.56
      1320 -0.70
      1350 -0.74
      1380 -0.79
      1410 -0.79
      1440 -0.72
      1470 -0.66
      1500 -0.54
      1530 -0.48
      1560 -0.50
      1590 -0.47
      1620 -0.54
      1650 -0.60
      1680 -0.74
      1710 -0.78
      1740 -0.83
      1770 -0.83
      1800 -0.76
      1830 -0.70
      1860 -0.57
      1890 -0.51
      1920 -0.48
      1950 -0.45
      1980 -0.51
      2010 -0.56
      2040 -0.70
      2070 -0.74
      2100 -0.79
      2130 -0.79
      2160 -0.72
      2190 -0.66
      2220 -0.54
      2250 -0.48
      2280 -0.48
      2310 -0.45
      2340 -0.51
      2370 -0.56
      2400 -0.70
      2430 -0.74
      2460 -0.79
      2490 -0.79
      2520 -0.72
      2550 -0.66
      2580 -0.54
      2610 -0.48
      2640 -0.50
      2670 -0.47
      2700 -0.54
      2730 -0.60
      2760 -0.74
      2790 -0.78
      2820 -0.83
      2850 -0.83
      2880 -0.76
      2910 -0.70
      2940 -0.57
      2970 -0.51
      3000 -0.48
      3030 -0.45
      3060 -0.51
      3090 -0.56
      3120 -0.70
      3150 -0.74
      3180 -0.79
      3210 -0.79
      3240 -0.72
      3270 -0.66
      3300 -0.54
      3330 -0.48
      3360 -0.48
      3390 -0.45
      3420 -0.51
      3450 -0.56
      3480 -0.70
      3510 -0.74
      3540 -0.79
      3570 -0.79
      3600 -0.72
      3630 -0.66
      3660 -0.54
      3690 -0.48
      3720 -0.50
      3750 -0.47
      3780 -0.54
      3810 -0.60
      3840 -0.74
      3870 -0.78
      3900 -0.83
      3930 -0.83
      3960 -0.76
      3990 -0.70
      4020 -0.57
      4050 -0.51
      4080 -0.48
      4110 -0.45
      4140 -0.51
      4170 -0.56
      4200 -0.70
      4230 -0.74
      4260 -0.79
      4290 -0.79
      4320 -0.72
      4350 -0.66
      4380 -0.54
      4410 -0.48
      4440 -0.48
      4470 -0.45
      4500 -0.51
      4530 -0.56
      4560 -0.70
      4590 -0.74
      4620 -0.79
      4650 -0.79
      4680 -0.72
      4710 -0.66
      4740 -0.54
      4770 -0.48
      4800 -0.50
      4830 -0.47
      4860 -0.54
      4890 -0.60
      4920 -0.74
      4950 -0.78
      4980 -0.83
      5010 -0.83
      5040 -0.76
      5070 -0.70
      5100 -0.57
      5130 -0.51
      5160 -0.48
      5190 -0.45
      5220 -0.51
      5250 -0.56
      5280 -0.70
      5310 -0.74
      5340 -0.79
      5370 -0.79
      5400 -0.72
      5430 -0.66
      5460 -0.54
      5490 -0.48
      5520 -0.50
      5550 -0.47
      5580 -0.54
      5610 -0.60
      5640 -0.74
      5670 -0.78
      5700 -0.83
      5730 -0.83
      5760 -0.76
      5790 -0.70
      5820 -0.57
      5850 -0.51
      5880 -0.50
      5910 -0.47
      5940 -0.54
      5970 -0.60
      6000 -0.74
      6030 -0.78
      6060 -0.83
      6090 -0.83
      6120 -0.76
      6150 -0.70
      6180 -0.57
      6210 -0.51
      6240 -0.48
      6270 -0.45
      6300 -0.51
      6330 -0.56
      6360 -0.70
      6390 -0.74
      6420 -0.79
      6450 -0.79
      6480 -0.72
      6510 -0.66
      6540 -0.54
      6570 -0.48
      6600 -0.50
      6630 -0.47
      6660 -0.54
      6690 -0.60
      6720 -0.74
      6750 -0.78
      6780 -0.83
      6810 -0.83
      6840 -0.76
      6870 -0.70
      6900 -0.57
      6930 -0.51
      6960 -0.50
      6990 -0.47
      7020 -0.54
      7050 -0.60
      7080 -0.74
      7110 -0.78
      7140 -0.83
      7170 -0.83
      7200 -0.76
      7230 -0.70
      7260 -0.57
      7290 -0.51
      7320 -0.48
      7350 -0.45
      7380 -0.51
      7410 -0.56
      7440 -0.70
      7470 -0.74
      7500 -0.79
      7530 -0.79
      7560 -0.72
      7590 -0.66
      7620 -0.54
      7650 -0.48
      7680 -0.50
      7710 -0.47
      7740 -0.54
      7770 -0.60
      7800 -0.74
      7830 -0.78
      7860 -0.83
      7890 -0.83
      7920 -0.76
      7950 -0.70
      7980 -0.57
      8010 -0.51
      8040 -0.50
      8070 -0.47
      8100 -0.54
      8130 -0.60
      8160 -0.74
      8190 -0.78
      8220 -0.83
      8250 -0.83
      8280 -0.76
      8310 -0.70
      8340 -0.57
      8370 -0.51
      8400 -0.48
      8430 -0.45
      8460 -0.51
      8490 -0.56
      8520 -0.70
      8550 -0.74
      8580 -0.79
      8610 -0.79
      8640 -0.72
      8640 -0.66
      8640 -0.54
      8640 -0.48
