# Well Pumping Time Series Data for Well 100170 : 100170
# Start Date 1991
# Transient Simulation
# Created on 23-Apr-2020 15:50:10
# Column-1: Time in days from start date
# Column-2: Pumping Volume in cubic meters
     0  0.00000
    89  0.00000
    90 -1.93420
   119 -1.93420
   120 -1.81530
   149 -1.81530
   150 -2.08800
   179 -2.08800
   180 -2.29010
   209 -2.29010
   210 -2.83090
   239 -2.83090
   240 -2.98760
   269 -2.98760
   270 -3.19080
   299 -3.19080
   300 -3.19080
   329 -3.19080
   330 -2.91760
   359 -2.91760
   360 -2.67990
   389 -2.67990
   390 -2.18520
   419 -2.18520
   420 -1.96380
   449 -1.96380
   450 -2.41580
   479 -2.41580
   480 -2.26740
   509 -2.26740
   510 -2.60790
   539 -2.60790
   540 -2.86040
   569 -2.86040
   570 -3.53580
   599 -3.53580
   600 -3.73160
   629 -3.73160
   630 -3.98530
   659 -3.98530
   660 -3.98530
   689 -3.98530
   690 -3.64410
   719 -3.64410
   720 -3.34720
   749 -3.34720
   750 -2.72940
   779 -2.72940
   780 -2.45280
   809 -2.45280
   810 -2.41580
   839 -2.41580
   840 -2.26740
   869 -2.26740
   870 -2.60790
   899 -2.60790
   900 -2.86040
   929 -2.86040
   930 -3.53580
   959 -3.53580
   960 -3.73160
   989 -3.73160
   990 -3.98530
  1019 -3.98530
  1020 -3.98530
  1049 -3.98530
  1050 -3.64410
  1079 -3.64410
  1080 -3.34720
  1109 -3.34720
  1110 -2.72940
  1139 -2.72940
  1140 -2.45280
  1169 -2.45280
  1170 -2.41580
  1199 -2.41580
  1200 -2.26740
  1229 -2.26740
  1230 -2.60790
  1259 -2.60790
  1260 -2.86040
  1289 -2.86040
  1290 -3.53580
  1319 -3.53580
  1320 -3.73160
  1349 -3.73160
  1350 -3.98530
  1379 -3.98530
  1380 -3.98530
  1409 -3.98530
  1410 -3.64410
  1439 -3.64410
  1440 -3.34720
  1469 -3.34720
  1470 -2.72940
  1499 -2.72940
  1500 -2.45280
  1529 -2.45280
  1530 -2.41580
  1559 -2.41580
  1560 -2.26740
  1589 -2.26740
  1590 -2.60790
  1619 -2.60790
  1620 -2.86040
  1649 -2.86040
  1650 -3.53580
  1679 -3.53580
  1680 -3.73160
  1709 -3.73160
  1710 -3.98530
  1739 -3.98530
  1740 -3.98530
  1769 -3.98530
  1770 -3.64410
  1799 -3.64410
  1800 -3.34720
  1829 -3.34720
  1830 -2.72940
  1859 -2.72940
  1860 -2.45280
  1889 -2.45280
  1890 -2.41580
  1919 -2.41580
  1920 -2.26740
  1949 -2.26740
  1950 -2.60790
  1979 -2.60790
  1980 -2.86040
  2009 -2.86040
  2010 -3.53580
  2039 -3.53580
  2040 -3.73160
  2069 -3.73160
  2070 -3.98530
  2099 -3.98530
  2100 -3.98530
  2129 -3.98530
  2130 -3.64410
  2159 -3.64410
  2160 -3.34720
  2189 -3.34720
  2190 -2.72940
  2219 -2.72940
  2220 -2.45280
  2249 -2.45280
  2250 -2.41580
  2279 -2.41580
  2280 -2.26740
  2309 -2.26740
  2310 -2.60790
  2339 -2.60790
  2340 -2.86040
  2369 -2.86040
  2370 -3.53580
  2399 -3.53580
  2400 -3.73160
  2429 -3.73160
  2430 -3.98530
  2459 -3.98530
  2460 -3.98530
  2489 -3.98530
  2490 -3.64410
  2519 -3.64410
  2520 -3.34720
  2549 -3.34720
  2550 -2.72940
  2579 -2.72940
  2580 -2.45280
  2609 -2.45280
  2610 -2.41580
  2639 -2.41580
  2640 -2.26740
  2669 -2.26740
  2670 -2.60790
  2699 -2.60790
  2700 -2.86040
  2729 -2.86040
  2730 -3.53580
  2759 -3.53580
  2760 -3.73160
  2789 -3.73160
  2790 -3.98530
  2819 -3.98530
  2820 -3.98530
  2849 -3.98530
  2850 -3.64410
  2879 -3.64410
  2880 -3.34720
  2909 -3.34720
  2910 -2.72940
  2939 -2.72940
  2940 -2.45280
  2969 -2.45280
  2970 -2.41580
  2999 -2.41580
  3000 -2.26740
  3029 -2.26740
  3030 -2.60790
  3059 -2.60790
  3060 -2.86040
  3089 -2.86040
  3090 -3.53580
  3119 -3.53580
  3120 -3.73160
  3149 -3.73160
  3150 -3.98530
  3179 -3.98530
  3180 -3.98530
  3209 -3.98530
  3210 -3.64410
  3239 -3.64410
  3240 -3.34720
  3269 -3.34720
  3270 -2.72940
  3299 -2.72940
  3300 -2.45280
  3329 -2.45280
  3330 -2.41580
  3359 -2.41580
  3360 -2.26740
  3389 -2.26740
  3390 -2.60790
  3419 -2.60790
  3420 -2.86040
  3449 -2.86040
  3450 -3.53580
  3479 -3.53580
  3480 -3.73160
  3509 -3.73160
  3510 -3.98530
  3539 -3.98530
  3540 -3.98530
  3569 -3.98530
  3570 -3.64410
  3599 -3.64410
  3600 -3.34720
  3629 -3.34720
  3630 -2.72940
  3659 -2.72940
  3660 -2.45280
  3689 -2.45280
  3690 -2.41580
  3719 -2.41580
  3720 -2.26740
  3749 -2.26740
  3750 -2.60790
  3779 -2.60790
  3780 -2.86040
  3809 -2.86040
  3810 -3.53580
  3839 -3.53580
  3840 -3.73160
  3869 -3.73160
  3870 -3.98530
  3899 -3.98530
  3900 -3.98530
  3929 -3.98530
  3930 -3.64410
  3959 -3.64410
  3960 -3.34720
  3989 -3.34720
  3990 -2.72940
  4019 -2.72940
  4020 -2.45280
  4049 -2.45280
  4050 -2.41580
  4079 -2.41580
  4080 -2.26740
  4109 -2.26740
  4110 -2.60790
  4139 -2.60790
  4140 -2.86040
  4169 -2.86040
  4170 -3.53580
  4199 -3.53580
  4200 -3.73160
  4229 -3.73160
  4230 -3.98530
  4259 -3.98530
  4260 -3.98530
  4289 -3.98530
  4290 -3.64410
  4319 -3.64410
  4320 -3.34720
  4349 -3.34720
  4350 -2.72940
  4379 -2.72940
  4380 -2.45280
  4409 -2.45280
  4410 -2.41580
  4439 -2.41580
  4440 -2.26740
  4469 -2.26740
  4470 -2.60790
  4499 -2.60790
  4500 -2.86040
  4529 -2.86040
  4530 -3.53580
  4559 -3.53580
  4560 -3.73160
  4589 -3.73160
  4590 -3.98530
  4619 -3.98530
  4620 -3.98530
  4649 -3.98530
  4650 -3.64410
  4679 -3.64410
  4680 -3.34720
  4709 -3.34720
  4710 -2.72940
  4739 -2.72940
  4740 -2.45280
  4769 -2.45280
  4770 -2.41580
  4799 -2.41580
  4800 -2.26740
  4829 -2.26740
  4830 -2.60790
  4859 -2.60790
  4860 -2.86040
  4889 -2.86040
  4890 -3.53580
  4919 -3.53580
  4920 -3.73160
  4949 -3.73160
  4950 -3.98530
  4979 -3.98530
  4980 -3.98530
  5009 -3.98530
  5010 -3.64410
  5039 -3.64410
  5040 -3.34720
  5069 -3.34720
  5070 -2.72940
  5099 -2.72940
  5100 -2.45280
  5129 -2.45280
  5130 -2.41580
  5159 -2.41580
  5160 -2.26740
  5189 -2.26740
  5190 -2.60790
  5219 -2.60790
  5220 -2.86040
  5249 -2.86040
  5250 -3.53580
  5279 -3.53580
  5280 -3.73160
  5309 -3.73160
  5310 -3.98530
  5339 -3.98530
  5340 -3.98530
  5369 -3.98530
  5370 -3.64410
  5399 -3.64410
  5400 -3.34720
  5429 -3.34720
  5430 -2.72940
  5459 -2.72940
  5460 -2.45280
  5489 -2.45280
  5490 -2.41580
  5519 -2.41580
  5520 -2.26740
  5549 -2.26740
  5550 -2.60790
  5579 -2.60790
  5580 -2.86040
  5609 -2.86040
  5610 -3.53580
  5639 -3.53580
  5640 -3.73160
  5669 -3.73160
  5670 -3.98530
  5699 -3.98530
  5700 -3.98530
  5729 -3.98530
  5730 -3.64410
  5759 -3.64410
  5760 -3.34720
  5789 -3.34720
  5790 -2.72940
  5819 -2.72940
  5820 -2.45280
  5849 -2.45280
  5850 -2.41580
  5879 -2.41580
  5880 -2.26740
  5909 -2.26740
  5910 -2.60790
  5939 -2.60790
  5940 -2.86040
  5969 -2.86040
  5970 -3.53580
  5999 -3.53580
  6000 -3.73160
  6029 -3.73160
  6030 -3.98530
  6059 -3.98530
  6060 -3.98530
  6089 -3.98530
  6090 -3.64410
  6119 -3.64410
  6120 -3.34720
  6149 -3.34720
  6150 -2.72940
  6179 -2.72940
  6180 -2.45280
  6209 -2.45280
  6210 -2.41580
  6239 -2.41580
  6240 -2.26740
  6269 -2.26740
  6270 -2.60790
  6299 -2.60790
  6300 -2.86040
  6329 -2.86040
  6330 -3.53580
  6359 -3.53580
  6360 -3.73160
  6389 -3.73160
  6390 -3.98530
  6419 -3.98530
  6420 -3.98530
  6449 -3.98530
  6450 -3.64410
  6479 -3.64410
  6480 -3.34720
  6509 -3.34720
  6510 -2.72940
  6539 -2.72940
  6540 -2.45280
  6569 -2.45280
  6570 -2.41580
  6599 -2.41580
  6600 -2.26740
  6629 -2.26740
  6630 -2.60790
  6659 -2.60790
  6660 -2.86040
  6689 -2.86040
  6690 -3.53580
  6719 -3.53580
  6720 -3.73160
  6749 -3.73160
  6750 -3.98530
  6779 -3.98530
  6780 -3.98530
  6809 -3.98530
  6810 -3.64410
  6839 -3.64410
  6840 -3.34720
  6869 -3.34720
  6870 -2.72940
  6899 -2.72940
  6900 -2.45280
  6929 -2.45280
  6930 -2.41580
  6959 -2.41580
  6960 -2.26740
  6989 -2.26740
  6990 -2.60790
  7019 -2.60790
  7020 -2.86040
  7049 -2.86040
  7050 -3.53580
  7079 -3.53580
  7080 -3.73160
  7109 -3.73160
  7110 -3.98530
  7139 -3.98530
  7140 -3.98530
  7169 -3.98530
  7170 -3.64410
  7199 -3.64410
  7200 -3.34720
  7229 -3.34720
  7230 -2.72940
  7259 -2.72940
  7260 -2.45280
  7289 -2.45280
  7290 -2.41580
  7319 -2.41580
  7320 -2.26740
  7349 -2.26740
  7350 -2.60790
  7379 -2.60790
  7380 -2.86040
  7409 -2.86040
  7410 -3.53580
  7439 -3.53580
  7440 -3.73160
  7469 -3.73160
  7470 -3.98530
  7499 -3.98530
  7500 -3.98530
  7529 -3.98530
  7530 -3.64410
  7559 -3.64410
  7560 -3.34720
  7589 -3.34720
  7590 -2.72940
  7619 -2.72940
  7620 -2.45280
  7649 -2.45280
  7650 -2.41580
  7679 -2.41580
  7680 -2.26740
  7709 -2.26740
  7710 -2.60790
  7739 -2.60790
  7740 -2.86040
  7769 -2.86040
  7770 -3.53580
  7799 -3.53580
  7800 -3.73160
  7829 -3.73160
  7830 -3.98530
  7859 -3.98530
  7860 -3.98530
  7889 -3.98530
  7890 -3.64410
  7919 -3.64410
  7920 -3.34720
  7949 -3.34720
  7950 -2.72940
  7979 -2.72940
  7980 -2.45280
  8009 -2.45280
  8010 -2.41580
  8039 -2.41580
  8040 -2.26740
  8069 -2.26740
  8070 -2.60790
  8099 -2.60790
  8100 -2.86040
  8129 -2.86040
  8130 -3.53580
  8159 -3.53580
  8160 -3.73160
  8189 -3.73160
  8190 -3.98530
  8219 -3.98530
  8220 -3.98530
  8249 -3.98530
  8250 -3.64410
  8279 -3.64410
  8280 -3.34720
  8309 -3.34720
  8310 -2.72940
  8339 -2.72940
  8340 -2.45280
  8369 -2.45280
  8370 -2.41580
  8399 -2.41580
  8400 -2.26740
  8429 -2.26740
  8430 -2.60790
  8459 -2.60790
  8460 -2.86040
  8489 -2.86040
  8490 -3.53580
  8519 -3.53580
  8520 -3.73160
  8549 -3.73160
  8550 -3.98530
  8579 -3.98530
  8580 -3.98530
  8609 -3.98530
  8610 -3.64410
  8639 -3.64410
  8640 -3.34720
  8669 -3.34720
  8670 -2.72940
  8699 -2.72940
  8700 -2.45280
