# Well Pumping Time Series Data for Well R42 : R42
# Start Date 1991
# Transient Simulation
# Created on 23-Apr-2020 15:50:27
# Column-1: Time in days from start date
# Column-2: Pumping Volume in cubic meters
     0  0.00000
  1769  0.00000
  1770 -39.68370
  1799 -39.68370
  1800 -8.58030
  1829 -8.58030
  1830 -5.36270
  1859 -5.36270
  1860 -16.08800
  1949 -16.08800
  1950 -2.83150
  2009 -2.83150
  2010 -1.88770
  2039 -1.88770
  2040 -28.31490
  2069 -28.31490
  2070 -25.48340
  2099 -25.48340
  2100 -29.25870
  2129 -29.25870
  2130 -34.92170
  2159 -34.92170
  2160 -7.55060
  2189 -7.55060
  2190 -4.71910
  2219 -4.71910
  2220 -14.15740
  2309 -14.15740
  2310 -3.21760
  2369 -3.21760
  2370 -2.14510
  2399 -2.14510
  2400 -32.17600
  2429 -32.17600
  2430 -28.95840
  2459 -28.95840
  2460 -33.24850
  2489 -33.24850
  2490 -39.68370
  2519 -39.68370
  2520 -8.58030
  2549 -8.58030
  2550 -5.36270
  2579 -5.36270
  2580 -16.08800
  2669 -16.08800
  2670 -3.70020
  2729 -3.70020
  2730 -2.46680
  2759 -2.46680
  2760 -37.00240
  2789 -37.00240
  2790 -33.30210
  2819 -33.30210
  2820 -38.23580
  2849 -38.23580
  2850 -45.63630
  2879 -45.63630
  2880 -9.86730
  2909 -9.86730
  2910 -6.16710
  2939 -6.16710
  2940 -18.50120
  3029 -18.50120
  3030 -3.44280
  3089 -3.44280
  3090 -2.29520
  3119 -2.29520
  3120 -34.42830
  3149 -34.42830
  3150 -30.98550
  3179 -30.98550
  3180 -35.57590
  3209 -35.57590
  3210 -42.46160
  3239 -42.46160
  3240 -9.18090
  3269 -9.18090
  3270 -5.73810
  3299 -5.73810
  3300 -17.21420
  3389 -17.21420
  3390 -3.31410
  3449 -3.31410
  3450 -2.20940
  3479 -2.20940
  3480 -33.14130
  3509 -33.14130
  3510 -29.82710
  3539 -29.82710
  3540 -34.24600
  3569 -34.24600
  3570 -40.87420
  3599 -40.87420
  3600 -8.83770
  3629 -8.83770
  3630 -5.52350
  3659 -5.52350
  3660 -16.57060
  3749 -16.57060
  3750 -3.21760
  3809 -3.21760
  3810 -2.14510
  3839 -2.14510
  3840 -32.17600
  3869 -32.17600
  3870 -28.95840
  3899 -28.95840
  3900 -33.24850
  3929 -33.24850
  3930 -39.68370
  3959 -39.68370
  3960 -8.58030
  3989 -8.58030
  3990 -5.36270
  4019 -5.36270
  4020 -16.08800
  4109 -16.08800
  4110 -3.57150
  4169 -3.57150
  4170 -2.38100
  4199 -2.38100
  4200 -35.71530
  4229 -35.71530
  4230 -32.14380
  4259 -32.14380
  4260 -36.90590
  4289 -36.90590
  4290 -44.04890
  4319 -44.04890
  4320 -9.52410
  4349 -9.52410
  4350 -5.95260
  4379 -5.95260
  4380 -17.85770
  4469 -17.85770
  4470 -3.21760
  4529 -3.21760
  4530 -2.14510
  4559 -2.14510
  4560 -32.17600
  4589 -32.17600
  4590 -28.95840
  4619 -28.95840
  4620 -33.24850
  4649 -33.24850
  4650 -39.68370
  4679 -39.68370
  4680 -8.58030
  4709 -8.58030
  4710 -5.36270
  4739 -5.36270
  4740 -16.08800
  4829 -16.08800
  4830 -3.37850
  4889 -3.37850
  4890 -2.25230
  4919 -2.25230
  4920 -33.78480
  4949 -33.78480
  4950 -30.40630
  4979 -30.40630
  4980 -34.91090
  5009 -34.91090
  5010 -41.66790
  5039 -41.66790
  5040 -9.00930
  5069 -9.00930
  5070 -5.63080
  5099 -5.63080
  5100 -16.89240
  5189 -16.89240
  5190 -3.21760
  5249 -3.21760
  5250 -2.14510
  5279 -2.14510
  5280 -32.17600
  5309 -32.17600
  5310 -28.95840
  5339 -28.95840
  5340 -33.24850
  5369 -33.24850
  5370 -39.68370
  5399 -39.68370
  5400 -8.58030
  5429 -8.58030
  5430 -5.36270
  5459 -5.36270
  5460 -16.08800
  5549 -16.08800
  5550 -4.02200
  5609 -4.02200
  5610 -2.68130
  5639 -2.68130
  5640 -40.22000
  5669 -40.22000
  5670 -36.19800
  5699 -36.19800
  5700 -41.56060
  5729 -41.56060
  5730 -49.60460
  5759 -49.60460
  5760 -10.72530
  5789 -10.72530
  5790 -6.70330
  5819 -6.70330
  5820 -20.11000
  5909 -20.11000
  5910 -3.47500
  5969 -3.47500
  5970 -2.31670
  5999 -2.31670
  6000 -34.75010
  6029 -34.75010
  6030 -31.27510
  6059 -31.27510
  6060 -35.90840
  6089 -35.90840
  6090 -42.85840
  6119 -42.85840
  6120 -9.26670
  6149 -9.26670
  6150 -5.79170
  6179 -5.79170
  6180 -17.37500
  6269 -17.37500
  6270 -3.86110
  6329 -3.86110
  6330 -2.57410
  6359 -2.57410
  6360 -38.61120
  6389 -38.61120
  6390 -34.75010
  6419 -34.75010
  6420 -39.89820
  6449 -39.89820
  6450 -47.62050
  6479 -47.62050
  6480 -10.29630
  6509 -10.29630
  6510 -6.43520
  6539 -6.43520
  6540 -19.30560
  6629 -19.30560
  6630 -4.66550
  6689 -4.66550
  6690 -3.11030
  6719 -3.11030
  6720 -46.65520
  6749 -46.65520
  6750 -41.98970
  6779 -41.98970
  6780 -48.21040
  6809 -48.21040
  6810 -57.54140
  6839 -57.54140
  6840 -12.44140
  6869 -12.44140
  6870 -7.77590
  6899 -7.77590
  6900 -23.32760
  6989 -23.32760
  6990 -3.70020
  7049 -3.70020
  7050 -2.46680
  7079 -2.46680
  7080 -37.00240
  7109 -37.00240
  7110 -33.30210
  7139 -33.30210
  7140 -38.23580
  7169 -38.23580
  7170 -45.63630
  7199 -45.63630
  7200 -9.86730
  7229 -9.86730
  7230 -6.16710
  7259 -6.16710
  7260 -18.50120
  7349 -18.50120
  7350 -18.23310
  7439 -18.23310
  7440 -63.27940
  7469 -63.27940
  7470 -48.26400
  7499 -48.26400
  7500 -42.90130
  7529 -42.90130
  7530 -26.81330
  7559 -26.81330
  7560 -35.39360
  7589 -35.39360
  7590 -10.72530
  7619 -10.72530
  7620 -9.65280
  7649 -9.65280
  7650 -5.36270
  7679 -5.36270
  7680 -5.36270
  7709 -5.36270
  7710 -9.65280
  7739 -9.65280
  7740 -13.94290
  7769 -13.94290
  7770 -54.69920
  7799 -54.69920
  7800 -48.26400
  7829 -48.26400
  7830 -36.46610
  7859 -36.46610
  7860 -40.75620
  7889 -40.75620
  7890 -32.17600
  7919 -32.17600
  7920 -35.39360
  7949 -35.39360
  7950 -19.30560
  7979 -19.30560
  7980 -21.45070
  8009 -21.45070
  8010 -5.36270
  8039 -5.36270
  8040 -5.36270
  8069 -5.36270
  8070 -9.65280
  8099 -9.65280
  8100 -13.94290
  8129 -13.94290
  8130 -54.69920
  8159 -54.69920
  8160 -48.26400
  8189 -48.26400
  8190 -36.46610
  8219 -36.46610
  8220 -32.17600
  8249 -32.17600
  8250 -35.39360
  8279 -35.39360
  8280 -19.30560
  8309 -19.30560
  8310 -21.45070
  8339 -21.45070
  8340 -1.07250
  8369 -1.07250
  8370 -20.37810
  8399 -20.37810
  8400 -16.08800
  8429 -16.08800
  8430 -13.94290
  8459 -13.94290
  8460 -19.30560
  8489 -19.30560
  8490 -18.23310
  8519 -18.23310
  8520 -24.66830
  8549 -24.66830
  8550 -30.03090
  8579 -30.03090
  8580 -23.59570
  8609 -23.59570
  8610 -20.37810
  8639 -20.37810
  8640 -13.94290
  8669 -13.94290
  8670 -11.79790
  8699 -11.79790
  8700 -38.61120
  8729 -38.61120
  8730 -31.10350
  8759 -31.10350
  8760 -23.59570
  8789 -23.59570
  8790 -24.66830
  8819 -24.66830
  8820 -23.59570
  8849 -23.59570
  8850 -13.94290
  8879 -13.94290
  8880 -11.79790
  8909 -11.79790
  8910 -20.37810
  8939 -20.37810
  8940 -24.66830
  8969 -24.66830
  8970 -21.45070
