# Well Pumping Time Series Data for Well 100657 : 100657
# Start Date 1991
# Transient Simulation
# Created on 23-Apr-2020 15:50:14
# Column-1: Time in days from start date
# Column-2: Pumping Volume in cubic meters
     0  0.00000
  4409  0.00000
  4410 -0.02640
  4439 -0.02640
  4440 -0.02480
  4469 -0.02480
  4470 -0.02850
  4499 -0.02850
  4500 -0.03130
  4529 -0.03130
  4530 -0.03860
  4559 -0.03860
  4560 -0.04080
  4589 -0.04080
  4590 -0.04350
  4619 -0.04350
  4620 -0.04350
  4649 -0.04350
  4650 -0.03980
  4679 -0.03980
  4680 -0.03660
  4709 -0.03660
  4710 -0.02980
  4739 -0.02980
  4740 -0.02680
  4769 -0.02680
  4770 -0.03730
  4799 -0.03730
  4800 -0.03500
  4829 -0.03500
  4830 -0.04020
  4859 -0.04020
  4860 -0.04410
  4889 -0.04410
  4890 -0.05460
  4919 -0.05460
  4920 -0.05760
  4949 -0.05760
  4950 -0.06150
  4979 -0.06150
  4980 -0.06150
  5009 -0.06150
  5010 -0.05620
  5039 -0.05620
  5040 -0.05170
  5069 -0.05170
  5070 -0.04210
  5099 -0.04210
  5100 -0.03780
  5129 -0.03780
  5130 -0.11180
  5159 -0.11180
  5160 -0.10490
  5189 -0.10490
  5190 -0.12060
  5219 -0.12060
  5220 -0.13230
  5249 -0.13230
  5250 -0.16360
  5279 -0.16360
  5280 -0.17260
  5309 -0.17260
  5310 -0.18440
  5339 -0.18440
  5340 -0.18440
  5369 -0.18440
  5370 -0.16860
  5399 -0.16860
  5400 -0.15480
  5429 -0.15480
  5430 -0.12630
  5459 -0.12630
  5460 -0.11350
  5489 -0.11350
  5490 -0.19110
  5519 -0.19110
  5520 -0.17940
  5549 -0.17940
  5550 -0.20630
  5579 -0.20630
  5580 -0.22630
  5609 -0.22630
  5610 -0.27970
  5639 -0.27970
  5640 -0.29520
  5669 -0.29520
  5670 -0.31530
  5699 -0.31530
  5700 -0.31530
  5729 -0.31530
  5730 -0.28830
  5759 -0.28830
  5760 -0.26480
  5789 -0.26480
  5790 -0.21590
  5819 -0.21590
  5820 -0.19410
  5849 -0.19410
  5850 -0.12900
  5879 -0.12900
  5880 -0.12110
  5909 -0.12110
  5910 -0.13920
  5939 -0.13920
  5940 -0.15270
  5969 -0.15270
  5970 -0.18880
  5999 -0.18880
  6000 -0.19920
  6029 -0.19920
  6030 -0.21280
  6059 -0.21280
  6060 -0.21280
  6089 -0.21280
  6090 -0.19460
  6119 -0.19460
  6120 -0.17870
  6149 -0.17870
  6150 -0.14570
  6179 -0.14570
  6180 -0.13100
  6209 -0.13100
  6210 -0.23800
  6239 -0.23800
  6240 -0.22340
  6269 -0.22340
  6270 -0.25690
  6299 -0.25690
  6300 -0.28180
  6329 -0.28180
  6330 -0.34830
  6359 -0.34830
  6360 -0.36760
  6389 -0.36760
  6390 -0.39260
  6419 -0.39260
  6420 -0.39260
  6449 -0.39260
  6450 -0.35900
  6479 -0.35900
  6480 -0.32980
  6509 -0.32980
  6510 -0.26890
  6539 -0.26890
  6540 -0.24160
  6569 -0.24160
  6570 -0.25990
  6599 -0.25990
  6600 -0.24400
  6629 -0.24400
  6630 -0.28060
  6659 -0.28060
  6660 -0.30780
  6689 -0.30780
  6690 -0.38040
  6719 -0.38040
  6720 -0.40150
  6749 -0.40150
  6750 -0.42880
  6779 -0.42880
  6780 -0.42880
  6809 -0.42880
  6810 -0.39210
  6839 -0.39210
  6840 -0.36010
  6869 -0.36010
  6870 -0.29370
  6899 -0.29370
  6900 -0.26390
  6929 -0.26390
  6930 -0.26760
  6959 -0.26760
  6960 -0.25110
  6989 -0.25110
  6990 -0.28890
  7019 -0.28890
  7020 -0.31680
  7049 -0.31680
  7050 -0.39160
  7079 -0.39160
  7080 -0.41330
  7109 -0.41330
  7110 -0.44140
  7139 -0.44140
  7140 -0.44140
  7169 -0.44140
  7170 -0.40360
  7199 -0.40360
  7200 -0.37070
  7229 -0.37070
  7230 -0.30230
  7259 -0.30230
  7260 -0.27170
  7289 -0.27170
  7290 -0.16820
  7319 -0.16820
  7320 -0.15790
  7349 -0.15790
  7350 -0.18160
  7379 -0.18160
  7380 -0.19910
  7409 -0.19910
  7410 -0.24620
  7439 -0.24620
  7440 -0.25980
  7469 -0.25980
  7470 -0.27750
  7499 -0.27750
  7500 -0.27750
  7529 -0.27750
  7530 -0.25370
  7559 -0.25370
  7560 -0.23300
  7589 -0.23300
  7590 -0.19000
  7619 -0.19000
  7620 -0.17080
  7649 -0.17080
  7650 -0.20430
  7679 -0.20430
  7680 -0.19180
  7709 -0.19180
  7710 -0.22050
  7739 -0.22050
  7740 -0.24190
  7769 -0.24190
  7770 -0.29900
  7799 -0.29900
  7800 -0.31560
  7829 -0.31560
  7830 -0.33700
  7859 -0.33700
  7860 -0.33700
  7889 -0.33700
  7890 -0.30820
  7919 -0.30820
  7920 -0.28310
  7949 -0.28310
  7950 -0.23080
  7979 -0.23080
  7980 -0.20740
  8009 -0.20740
  8010 -0.20020
  8039 -0.20020
  8040 -0.18790
  8069 -0.18790
  8070 -0.21610
  8099 -0.21610
  8100 -0.23710
  8129 -0.23710
  8130 -0.29300
  8159 -0.29300
  8160 -0.30930
  8189 -0.30930
  8190 -0.33030
  8219 -0.33030
  8220 -0.33030
  8249 -0.33030
  8250 -0.30200
  8279 -0.30200
  8280 -0.27740
  8309 -0.27740
  8310 -0.22620
  8339 -0.22620
  8340 -0.20330
  8369 -0.20330
  8370 -0.37410
  8399 -0.37410
  8400 -0.35110
  8429 -0.35110
  8430 -0.40380
  8459 -0.40380
  8460 -0.44290
  8489 -0.44290
  8490 -0.54750
  8519 -0.54750
  8520 -0.57780
  8549 -0.57780
  8550 -0.61710
  8579 -0.61710
  8580 -0.61710
  8609 -0.61710
  8610 -0.56430
  8639 -0.56430
  8640 -0.51830
  8669 -0.51830
  8670 -0.42260
  8699 -0.42260
  8700 -0.37980
