# Well Pumping Time Series Data for Well 102400 : 102400
# Start Date 1990
# Transient Simulation
# Created on 17-Mar-2019 17:40:19
# Column-1: Time in days from start date
# Column-2: Pumping Volume in cubic meters
         0  0.00
     10530 -1.37
     10560 -1.28
     10590 -1.48
     10620 -1.62
     10650 -2.00
     10680 -2.11
     10710 -2.26
     10740 -2.26
     10770 -2.06
     10800 -1.90
     10830 -1.55
     10860 -1.39
     10890 -1.37
     10920 -1.28
     10950 -1.48
     10980 -1.62
     11010 -2.00
     11040 -2.11
     11070 -2.26
     11100 -2.26
     11130 -2.06
     11160 -1.90
     11190 -1.55
     11220 -1.39
     11250 -1.37
     11280 -1.28
     11310 -1.48
     11340 -1.62
     11370 -2.00
     11400 -2.11
     11430 -2.26
     11460 -2.26
     11490 -2.06
     11520 -1.90
     11550 -1.55
     11580 -1.39
     11610 -1.37
     11640 -1.28
     11670 -1.48
     11700 -1.62
     11730 -2.00
     11760 -2.11
     11790 -2.26
     11820 -2.26
     11850 -2.06
     11880 -1.90
     11910 -1.55
     11940 -1.39
     11970 -1.37
     12000 -1.28
     12030 -1.48
     12060 -1.62
     12090 -2.00
     12120 -2.11
     12150 -2.26
     12180 -2.26
     12210 -2.06
     12240 -1.90
     12270 -1.55
     12300 -1.39
     12330 -1.37
     12360 -1.28
     12390 -1.48
     12420 -1.62
     12450 -2.00
     12480 -2.11
     12510 -2.26
     12540 -2.26
     12570 -2.06
     12600 -1.90
     12630 -1.55
     12660 -1.39
     12690 -0.78
     12720 -0.74
     12750 -0.85
     12780 -0.93
     12810 -1.15
     12840 -1.21
     12870 -1.29
     12900 -1.29
     12930 -1.18
     12960 -1.09
     12990 -0.89
     13020 -0.80
     13050 -0.78
     13080 -0.74
     13110 -0.85
     13140 -0.93
     13170 -1.15
     13200 -1.21
     13230 -1.29
     13260 -1.29
     13290 -1.18
     13320 -1.09
     13350 -0.89
     13380 -0.80
     13410 -1.37
     13440 -1.28
     13470 -1.48
     13500 -1.62
     13530 -2.00
     13560 -2.11
     13590 -2.26
     13620 -2.26
     13650 -2.06
     13680 -1.90
     13710 -1.55
     13740 -1.39
     13770 -1.37
     13800 -1.28
     13830 -1.48
     13860 -1.62
     13890 -2.00
     13920 -2.11
     13950 -2.26
     13980 -2.26
     14010 -2.06
     14040 -1.90
     14070 -1.55
     14100 -1.39
     14130 -1.37
     14160 -1.28
     14190 -1.48
     14220 -1.62
     14250 -2.00
     14280 -2.11
     14310 -2.26
     14340 -2.26
     14370 -2.06
     14400 -1.90
     14430 -1.55
     14460 -1.39
     14490 -1.37
     14520 -1.28
     14550 -1.48
     14580 -1.62
     14610 -2.00
     14640 -2.11
     14670 -2.26
     14700 -2.26
     14730 -2.06
     14760 -1.90
     14790 -1.55
     14820 -1.39
     14850 -1.37
     14880 -1.28
     14910 -1.48
     14940 -1.62
     14970 -2.00
     15000 -2.11
     15030 -2.26
     15060 -2.26
     15090 -2.06
     15120 -1.90
     15150 -1.55
     15180 -1.39
     15210 -1.37
     15240 -1.28
     15270 -1.48
     15300 -1.62
     15330 -2.00
     15360 -2.11
     15390 -2.26
     15420 -2.26
     15450 -2.06
     15480 -1.90
     15510 -1.55
     15540 -1.39
     15570 -1.37
     15600 -1.28
     15630 -1.48
     15660 -1.62
     15690 -2.00
     15720 -2.11
     15750 -2.26
     15780 -2.26
     15810 -2.06
     15840 -1.90
     15870 -1.55
     15900 -1.39
     15930 -1.37
     15960 -1.28
     15990 -1.48
     16020 -1.62
     16050 -2.00
     16080 -2.11
     16110 -2.26
     16140 -2.26
     16170 -2.06
     16200 -1.90
     16230 -1.55
     16260 -1.39
     16290 -1.37
     16320 -1.28
     16350 -1.48
     16380 -1.62
     16410 -2.00
     16440 -2.11
     16470 -2.26
     16500 -2.26
     16530 -2.06
     16560 -1.90
     16590 -1.55
     16620 -1.39
     16650 -1.37
     16680 -1.28
     16710 -1.48
     16740 -1.62
     16770 -2.00
     16800 -2.11
     16830 -2.26
     16860 -2.26
     16890 -2.06
     16920 -1.90
     16950 -1.55
     16980 -1.39
     17010 -1.37
     17040 -1.28
     17070 -1.48
     17100 -1.62
     17130 -2.00
     17160 -2.11
     17190 -2.26
     17220 -2.26
     17250 -2.06
     17280 -1.90
     17310 -1.55
     17340 -1.39
     17370 -1.37
     17400 -1.28
     17430 -1.48
     17460 -1.62
     17490 -2.00
     17520 -2.11
     17550 -2.26
     17580 -2.26
     17610 -2.06
     17640 -1.90
     17670 -1.55
     17700 -1.39
     17730 -1.37
     17760 -1.28
     17790 -1.48
     17820 -1.62
     17850 -2.00
     17880 -2.11
     17910 -2.26
     17940 -2.26
     17970 -2.06
     18000 -1.90
     18030 -1.55
     18060 -1.39
     18090 -1.37
     18120 -1.28
     18150 -1.48
     18180 -1.62
     18210 -2.00
     18240 -2.11
     18270 -2.26
     18300 -2.26
     18330 -2.06
     18360 -1.90
     18390 -1.55
     18420 -1.39
     18450 -1.37
     18480 -1.28
     18510 -1.48
     18540 -1.62
     18570 -2.00
     18600 -2.11
     18630 -2.26
     18660 -2.26
     18690 -2.06
     18720 -1.90
     18750 -1.55
     18780 -1.39
     18810 -1.37
     18840 -1.28
     18870 -1.48
     18900 -1.62
     18930 -2.00
     18960 -2.11
     18990 -2.26
     19020 -2.26
     19050 -2.06
     19080 -1.90
     19110 -1.55
     19140 -1.39
     19170 -1.37
     19200 -1.28
     19230 -1.48
     19260 -1.62
     19290 -2.00
     19320 -2.11
     19350 -2.26
     19380 -2.26
     19410 -2.06
     19440 -1.90
     19470 -1.55
     19500 -1.39
     19530 -1.37
     19560 -1.28
     19590 -1.48
     19620 -1.62
     19650 -2.00
     19680 -2.11
     19710 -2.26
     19740 -2.26
     19770 -2.06
     19800 -1.90
     19830 -1.55
     19860 -1.39
     19890 -1.37
     19920 -1.28
     19950 -1.48
     19980 -1.62
     20010 -2.00
     20040 -2.11
     20070 -2.26
     20100 -2.26
     20130 -2.06
     20160 -1.90
     20190 -1.55
     20220 -1.39
