# Well Pumping Time Series Data for Well 100244 : 100244
# Start Date 1990
# Transient Simulation
# Created on 17-Mar-2019 17:40:05
# Column-1: Time in days from start date
# Column-2: Pumping Volume in cubic meters
         0  0.00
      7650 -5.03
      7680 -4.72
      7710 -5.43
      7740 -5.96
      7770 -7.36
      7800 -7.77
      7830 -8.30
      7860 -8.30
      7890 -7.59
      7920 -6.97
      7950 -5.68
      7980 -5.11
      8010 -5.03
      8040 -4.72
      8070 -5.43
      8100 -5.96
      8130 -7.36
      8160 -7.77
      8190 -8.30
      8220 -8.30
      8250 -7.59
      8280 -6.97
      8310 -5.68
      8340 -5.11
      8370 -5.03
      8400 -4.72
      8430 -5.43
      8460 -5.96
      8490 -7.36
      8520 -7.77
      8550 -8.30
      8580 -8.30
      8610 -7.59
      8640 -6.97
      8670 -5.68
      8700 -5.11
      8730 -5.03
      8760 -4.72
      8790 -5.43
      8820 -5.96
      8850 -7.36
      8880 -7.77
      8910 -8.30
      8940 -8.30
      8970 -7.59
      9000 -6.97
      9030 -5.68
      9060 -5.11
      9090 -5.03
      9120 -4.72
      9150 -5.43
      9180 -5.96
      9210 -7.36
      9240 -7.77
      9270 -8.30
      9300 -8.30
      9330 -7.59
      9360 -6.97
      9390 -5.68
      9420 -5.11
      9450 -5.03
      9480 -4.72
      9510 -5.43
      9540 -5.96
      9570 -7.36
      9600 -7.77
      9630 -8.30
      9660 -8.30
      9690 -7.59
      9720 -6.97
      9750 -5.68
      9780 -5.11
      9810 -5.03
      9840 -4.72
      9870 -5.43
      9900 -5.96
      9930 -7.36
      9960 -7.77
      9990 -8.30
     10020 -8.30
     10050 -7.59
     10080 -6.97
     10110 -5.68
     10140 -5.11
     10170 -5.03
     10200 -4.72
     10230 -5.43
     10260 -5.96
     10290 -7.36
     10320 -7.77
     10350 -8.30
     10380 -8.30
     10410 -7.59
     10440 -6.97
     10470 -5.68
     10500 -5.11
     10530 -5.03
     10560 -4.72
     10590 -5.43
     10620 -5.96
     10650 -7.36
     10680 -7.77
     10710 -8.30
     10740 -8.30
     10770 -7.59
     10800 -6.97
     10830 -5.68
     10860 -5.11
     10890 -5.03
     10920 -4.72
     10950 -5.43
     10980 -5.96
     11010 -7.36
     11040 -7.77
     11070 -8.30
     11100 -8.30
     11130 -7.59
     11160 -6.97
     11190 -5.68
     11220 -5.11
     11250 -13.84
     11280 -12.99
     11310 -14.94
     11340 -16.38
     11370 -20.25
     11400 -21.37
     11430 -22.83
     11460 -22.83
     11490 -20.87
     11520 -19.17
     11550 -15.63
     11580 -14.05
     11610 -1.37
     11640 -1.28
     11670 -1.48
     11700 -1.62
     11730 -2.00
     11760 -2.11
     11790 -2.26
     11820 -2.26
     11850 -2.06
     11880 -1.90
     11910 -1.55
     11940 -1.39
     11970 -0.90
     12000 -0.84
     12030 -0.97
     12060 -1.06
     12090 -1.31
     12120 -1.39
     12150 -1.48
     12180 -1.48
     12210 -1.35
     12240 -1.24
     12270 -1.01
     12300 -0.91
     12330 -0.85
     12360 -0.80
     12390 -0.92
     12420 -1.01
     12450 -1.25
     12480 -1.32
     12510 -1.41
     12540 -1.41
     12570 -1.29
     12600 -1.18
     12630 -0.96
     12660 -0.87
     12690 -0.86
     12720 -0.81
     12750 -0.93
     12780 -1.02
     12810 -1.26
     12840 -1.33
     12870 -1.42
     12900 -1.42
     12930 -1.29
     12960 -1.19
     12990 -0.97
     13020 -0.87
     13050 -5.03
     13080 -4.72
     13110 -5.43
     13140 -5.96
     13170 -7.36
     13200 -7.77
     13230 -8.30
     13260 -8.30
     13290 -7.59
     13320 -6.97
     13350 -5.68
     13380 -5.11
     13410 -5.03
     13440 -4.72
     13470 -5.43
     13500 -5.96
     13530 -7.36
     13560 -7.77
     13590 -8.30
     13620 -8.30
     13650 -7.59
     13680 -6.97
     13710 -5.68
     13740 -5.11
     13770 -5.02
     13800 -4.71
     13830 -5.42
     13860 -5.95
     13890 -7.35
     13920 -7.76
     13950 -8.29
     13980 -8.29
     14010 -7.58
     14040 -6.96
     14070 -5.68
     14100 -5.10
     14130 -5.03
     14160 -4.72
     14190 -5.43
     14220 -5.96
     14250 -7.36
     14280 -7.77
     14310 -8.30
     14340 -8.30
     14370 -7.59
     14400 -6.97
     14430 -5.68
     14460 -5.11
     14490 -5.03
     14520 -4.72
     14550 -5.43
     14580 -5.96
     14610 -7.36
     14640 -7.77
     14670 -8.30
     14700 -8.30
     14730 -7.59
     14760 -6.97
     14790 -5.68
     14820 -5.11
     14850 -5.02
     14880 -4.71
     14910 -5.42
     14940 -5.95
     14970 -7.35
     15000 -7.76
     15030 -8.29
     15060 -8.29
     15090 -7.58
     15120 -6.96
     15150 -5.68
     15180 -5.10
     15210 -5.02
     15240 -4.71
     15270 -5.42
     15300 -5.95
     15330 -7.35
     15360 -7.76
     15390 -8.29
     15420 -8.29
     15450 -7.58
     15480 -6.96
     15510 -5.68
     15540 -5.10
     15570 -5.02
     15600 -4.71
     15630 -5.42
     15660 -5.95
     15690 -7.35
     15720 -7.76
     15750 -8.29
     15780 -8.29
     15810 -7.58
     15840 -6.96
     15870 -5.68
     15900 -5.10
     15930 -5.03
     15960 -4.72
     15990 -5.43
     16020 -5.96
     16050 -7.36
     16080 -7.77
     16110 -8.30
     16140 -8.30
     16170 -7.59
     16200 -6.97
     16230 -5.68
     16260 -5.11
     16290 -5.03
     16320 -4.72
     16350 -5.43
     16380 -5.96
     16410 -7.36
     16440 -7.77
     16470 -8.30
     16500 -8.30
     16530 -7.59
     16560 -6.97
     16590 -5.68
     16620 -5.11
     16650 -5.03
     16680 -4.72
     16710 -5.43
     16740 -5.96
     16770 -7.36
     16800 -7.77
     16830 -8.30
     16860 -8.30
     16890 -7.59
     16920 -6.97
     16950 -5.68
     16980 -5.11
     17010 -5.03
     17040 -4.72
     17070 -5.43
     17100 -5.96
     17130 -7.36
     17160 -7.77
     17190 -8.30
     17220 -8.30
     17250 -7.59
     17280 -6.97
     17310 -5.68
     17340 -5.11
     17370 -5.03
     17400 -4.72
     17430 -5.43
     17460 -5.96
     17490 -7.36
     17520 -7.77
     17550 -8.30
     17580 -8.30
     17610 -7.59
     17640 -6.97
     17670 -5.68
     17700 -5.11
     17730 -5.03
     17760 -4.72
     17790 -5.43
     17820 -5.96
     17850 -7.36
     17880 -7.77
     17910 -8.30
     17940 -8.30
     17970 -7.59
     18000 -6.97
     18030 -5.68
     18060 -5.11
     18090 -5.02
     18120 -4.71
     18150 -5.42
     18180 -5.95
     18210 -7.35
     18240 -7.76
     18270 -8.29
     18300 -8.29
     18330 -7.58
     18360 -6.96
     18390 -5.68
     18420 -5.10
     18450 -5.02
     18480 -4.71
     18510 -5.42
     18540 -5.95
     18570 -7.35
     18600 -7.76
     18630 -8.29
     18660 -8.29
     18690 -7.58
     18720 -6.96
     18750 -5.68
     18780 -5.10
     18810 -5.02
     18840 -4.71
     18870 -5.42
     18900 -5.95
     18930 -7.35
     18960 -7.76
     18990 -8.29
     19020 -8.29
     19050 -7.58
     19080 -6.96
     19110 -5.68
     19140 -5.10
     19170 -5.03
     19200 -4.72
     19230 -5.43
     19260 -5.96
     19290 -7.36
     19320 -7.77
     19350 -8.30
     19380 -8.30
     19410 -7.59
     19440 -6.97
     19470 -5.68
     19500 -5.11
     19530 -5.03
     19560 -4.72
     19590 -5.43
     19620 -5.96
     19650 -7.36
     19680 -7.77
     19710 -8.30
     19740 -8.30
     19770 -7.59
     19800 -6.97
     19830 -5.68
     19860 -5.11
     19890 -5.03
     19920 -4.72
     19950 -5.43
     19980 -5.96
     20010 -7.36
     20040 -7.77
     20070 -8.30
     20100 -8.30
     20130 -7.59
     20160 -6.97
     20190 -5.68
     20220 -5.11
