# Well Pumping Time Series Data for Well 100586 : 100586
# Start Date 1990
# Transient Simulation
# Created on 17-Mar-2019 17:40:09
# Column-1: Time in days from start date
# Column-2: Pumping Volume in cubic meters
         0  0.00
     15570 -0.43
     15600 -0.40
     15630 -0.46
     15660 -0.50
     15690 -0.62
     15720 -0.66
     15750 -0.70
     15780 -0.70
     15810 -0.64
     15840 -0.59
     15870 -0.48
     15900 -0.43
     15930 -2.24
     15960 -2.10
     15990 -2.41
     16020 -2.65
     16050 -3.27
     16080 -3.45
     16110 -3.69
     16140 -3.69
     16170 -3.37
     16200 -3.10
     16230 -2.53
     16260 -2.27
     16290 -2.21
     16320 -2.08
     16350 -2.39
     16380 -2.62
     16410 -3.24
     16440 -3.42
     16470 -3.65
     16500 -3.65
     16530 -3.34
     16560 -3.07
     16590 -2.50
     16620 -2.25
     16650 -2.05
     16680 -1.93
     16710 -2.22
     16740 -2.43
     16770 -3.00
     16800 -3.17
     16830 -3.39
     16860 -3.39
     16890 -3.10
     16920 -2.84
     16950 -2.32
     16980 -2.08
     17010 -1.95
     17040 -1.83
     17070 -2.11
     17100 -2.31
     17130 -2.86
     17160 -3.01
     17190 -3.22
     17220 -3.22
     17250 -2.94
     17280 -2.70
     17310 -2.20
     17340 -1.98
     17370 -2.07
     17400 -1.95
     17430 -2.24
     17460 -2.45
     17490 -3.03
     17520 -3.20
     17550 -3.42
     17580 -3.42
     17610 -3.13
     17640 -2.87
     17670 -2.34
     17700 -2.10
     17730 -2.38
     17760 -2.23
     17790 -2.57
     17820 -2.81
     17850 -3.48
     17880 -3.67
     17910 -3.92
     17940 -3.92
     17970 -3.59
     18000 -3.29
     18030 -2.69
     18060 -2.41
     18090 -1.93
     18120 -1.81
     18150 -2.08
     18180 -2.28
     18210 -2.82
     18240 -2.98
     18270 -3.18
     18300 -3.18
     18330 -2.91
     18360 -2.67
     18390 -2.18
     18420 -1.96
     18450 -1.37
     18480 -1.28
     18510 -1.48
     18540 -1.62
     18570 -2.00
     18600 -2.11
     18630 -2.26
     18660 -2.26
     18690 -2.06
     18720 -1.90
     18750 -1.55
     18780 -1.39
     18810 -1.41
     18840 -1.33
     18870 -1.53
     18900 -1.67
     18930 -2.07
     18960 -2.18
     18990 -2.33
     19020 -2.33
     19050 -2.13
     19080 -1.96
     19110 -1.60
     19140 -1.43
     19170 -1.41
     19200 -1.32
     19230 -1.52
     19260 -1.67
     19290 -2.07
     19320 -2.18
     19350 -2.33
     19380 -2.33
     19410 -2.13
     19440 -1.96
     19470 -1.59
     19500 -1.43
     19530 -1.30
     19560 -1.22
     19590 -1.40
     19620 -1.54
     19650 -1.90
     19680 -2.01
     19710 -2.14
     19740 -2.14
     19770 -1.96
     19800 -1.80
     19830 -1.47
     19860 -1.32
     19890 -1.37
     19920 -1.28
     19950 -1.47
     19980 -1.62
     20010 -2.00
     20040 -2.11
     20070 -2.25
     20100 -2.25
     20130 -2.06
     20160 -1.89
     20190 -1.54
     20220 -1.39
