# Well Pumping Time Series Data for Well 101272 : 101272
# Start Date 1990
# Transient Simulation
# Created on 17-Mar-2019 17:40:18
# Column-1: Time in days from start date
# Column-2: Pumping Volume in cubic meters
         0  0.00
      6570 -3.14
      6600 -2.95
      6630 -3.39
      6660 -3.72
      6690 -4.60
      6720 -4.85
      6750 -5.18
      6780 -5.18
      6810 -4.74
      6840 -4.35
      6870 -3.55
      6900 -3.19
      6930 -3.14
      6960 -2.95
      6990 -3.39
      7020 -3.72
      7050 -4.60
      7080 -4.85
      7110 -5.18
      7140 -5.18
      7170 -4.74
      7200 -4.35
      7230 -3.55
      7260 -3.19
      7290 -3.14
      7320 -2.95
      7350 -3.39
      7380 -3.72
      7410 -4.60
      7440 -4.85
      7470 -5.18
      7500 -5.18
      7530 -4.74
      7560 -4.35
      7590 -3.55
      7620 -3.19
      7650 -3.14
      7680 -2.95
      7710 -3.39
      7740 -3.72
      7770 -4.60
      7800 -4.85
      7830 -5.18
      7860 -5.18
      7890 -4.74
      7920 -4.35
      7950 -3.55
      7980 -3.19
      8010 -3.14
      8040 -2.95
      8070 -3.39
      8100 -3.72
      8130 -4.60
      8160 -4.85
      8190 -5.18
      8220 -5.18
      8250 -4.74
      8280 -4.35
      8310 -3.55
      8340 -3.19
      8370 -3.14
      8400 -2.95
      8430 -3.39
      8460 -3.72
      8490 -4.60
      8520 -4.85
      8550 -5.18
      8580 -5.18
      8610 -4.74
      8640 -4.35
      8670 -3.55
      8700 -3.19
      8730 -3.14
      8760 -2.95
      8790 -3.39
      8820 -3.72
      8850 -4.60
      8880 -4.85
      8910 -5.18
      8940 -5.18
      8970 -4.74
      9000 -4.35
      9030 -3.55
      9060 -3.19
      9090 -3.14
      9120 -2.95
      9150 -3.39
      9180 -3.72
      9210 -4.60
      9240 -4.85
      9270 -5.18
      9300 -5.18
      9330 -4.74
      9360 -4.35
      9390 -3.55
      9420 -3.19
      9450 -3.14
      9480 -2.95
      9510 -3.39
      9540 -3.72
      9570 -4.60
      9600 -4.85
      9630 -5.18
      9660 -5.18
      9690 -4.74
      9720 -4.35
      9750 -3.55
      9780 -3.19
      9810 -3.14
      9840 -2.95
      9870 -3.39
      9900 -3.72
      9930 -4.60
      9960 -4.85
      9990 -5.18
     10020 -5.18
     10050 -4.74
     10080 -4.35
     10110 -3.55
     10140 -3.19
     10170 -3.14
     10200 -2.95
     10230 -3.39
     10260 -3.72
     10290 -4.60
     10320 -4.85
     10350 -5.18
     10380 -5.18
     10410 -4.74
     10440 -4.35
     10470 -3.55
     10500 -3.19
     10530 -3.14
     10560 -2.95
     10590 -3.39
     10620 -3.72
     10650 -4.60
     10680 -4.85
     10710 -5.18
     10740 -5.18
     10770 -4.74
     10800 -4.35
     10830 -3.55
     10860 -3.19
     10890 -3.14
     10920 -2.95
     10950 -3.39
     10980 -3.72
     11010 -4.60
     11040 -4.85
     11070 -5.18
     11100 -5.18
     11130 -4.74
     11160 -4.35
     11190 -3.55
     11220 -3.19
     11970 -3.14
     12000 -2.95
     12030 -3.39
     12060 -3.72
     12090 -4.60
     12120 -4.85
     12150 -5.18
     12180 -5.18
     12210 -4.74
     12240 -4.35
     12270 -3.55
     12300 -3.19
     12330 -3.14
     12360 -2.95
     12390 -3.39
     12420 -3.72
     12450 -4.60
     12480 -4.85
     12510 -5.18
     12540 -5.18
     12570 -4.74
     12600 -4.35
     12630 -3.55
     12660 -3.19
     12690 -3.14
     12720 -2.95
     12750 -3.39
     12780 -3.72
     12810 -4.60
     12840 -4.85
     12870 -5.18
     12900 -5.18
     12930 -4.74
     12960 -4.35
     12990 -3.55
     13020 -3.19
     13050 -3.14
     13080 -2.95
     13110 -3.39
     13140 -3.72
     13170 -4.60
     13200 -4.85
     13230 -5.18
     13260 -5.18
     13290 -4.74
     13320 -4.35
     13350 -3.55
     13380 -3.19
     13410 -3.14
     13440 -2.95
     13470 -3.39
     13500 -3.72
     13530 -4.60
     13560 -4.85
     13590 -5.18
     13620 -5.18
     13650 -4.74
     13680 -4.35
     13710 -3.55
     13740 -3.19
     13770 -2.38
     13800 -2.23
     13830 -2.57
     13860 -2.81
     13890 -3.48
     13920 -3.67
     13950 -3.92
     13980 -3.92
     14010 -3.59
     14040 -3.29
     14070 -2.69
     14100 -2.41
     14130 -7.60
     14160 -7.14
     14190 -8.21
     14220 -9.00
     14250 -11.13
     14280 -11.74
     14310 -12.54
     14340 -12.54
     14370 -11.47
     14400 -10.53
     14430 -8.59
     14460 -7.72
     14490 -5.45
     14520 -5.12
     14550 -5.89
     14580 -6.46
     14610 -7.98
     14640 -8.42
     14670 -9.00
     14700 -9.00
     14730 -8.23
     14760 -7.56
     14790 -6.16
     14820 -5.54
     14850 -5.67
     14880 -5.32
     14910 -6.12
     14940 -6.72
     14970 -8.30
     15000 -8.76
     15030 -9.36
     15060 -9.36
     15090 -8.56
     15120 -7.86
     15150 -6.41
     15180 -5.76
     15210 -10.65
     15240 -10.00
     15270 -11.50
     15300 -12.61
     15330 -15.59
     15360 -16.45
     15390 -17.57
     15420 -17.57
     15450 -16.07
     15480 -14.76
     15510 -12.03
     15540 -10.82
     15570 -6.80
     15600 -6.38
     15630 -7.34
     15660 -8.05
     15690 -9.95
     15720 -10.50
     15750 -11.22
     15780 -11.22
     15810 -10.26
     15840 -9.42
     15870 -7.68
     15900 -6.90
     15930 -10.30
     15960 -9.66
     15990 -11.12
     16020 -12.19
     16050 -15.07
     16080 -15.90
     16110 -16.99
     16140 -16.99
     16170 -15.53
     16200 -14.27
     16230 -11.63
     16260 -10.45
     16290 -11.21
     16320 -10.52
     16350 -12.10
     16380 -13.28
     16410 -16.41
     16440 -17.32
     16470 -18.50
     16500 -18.50
     16530 -16.91
     16560 -15.54
     16590 -12.67
     16620 -11.38
     16650 -12.56
     16680 -11.79
     16710 -13.56
     16740 -14.87
     16770 -18.38
     16800 -19.40
     16830 -20.72
     16860 -20.72
     16890 -18.94
     16920 -17.40
     16950 -14.19
     16980 -12.75
     17010 -6.55
     17040 -6.15
     17070 -7.07
     17100 -7.75
     17130 -9.58
     17160 -10.11
     17190 -10.80
     17220 -10.80
     17250 -9.88
     17280 -9.07
     17310 -7.40
     17340 -6.65
     17370 -5.84
     17400 -5.48
     17430 -6.30
     17460 -6.91
     17490 -8.54
     17520 -9.01
     17550 -9.63
     17580 -9.63
     17610 -8.80
     17640 -8.09
     17670 -6.59
     17700 -5.92
     17730 -5.83
     17760 -5.47
     17790 -6.29
     17820 -6.90
     17850 -8.53
     17880 -9.01
     17910 -9.62
     17940 -9.62
     17970 -8.80
     18000 -8.08
     18030 -6.59
     18060 -5.92
     18090 -5.76
     18120 -5.41
     18150 -6.22
     18180 -6.82
     18210 -8.44
     18240 -8.90
     18270 -9.51
     18300 -9.51
     18330 -8.69
     18360 -7.99
     18390 -6.51
     18420 -5.85
     18450 -1.14
     18480 -1.07
     18510 -1.23
     18540 -1.35
     18570 -1.67
     18600 -1.77
     18630 -1.89
     18660 -1.89
     18690 -1.73
     18720 -1.58
     18750 -1.29
     18780 -1.16
     18810 -14.13
     18840 -13.26
     18870 -15.25
     18900 -16.73
     18930 -20.68
     18960 -21.82
     18990 -23.31
     19020 -23.31
     19050 -21.31
     19080 -19.58
     19110 -15.96
     19140 -14.34
     19170 -10.02
     19200 -9.40
     19230 -10.82
     19260 -11.86
     19290 -14.66
     19320 -15.48
     19350 -16.53
     19380 -16.53
     19410 -15.11
     19440 -13.88
     19470 -11.32
     19500 -10.17
     19530 -10.30
     19560 -9.66
     19590 -11.11
     19620 -12.19
     19650 -15.07
     19680 -15.90
     19710 -16.99
     19740 -16.99
     19770 -15.53
     19800 -14.27
     19830 -11.63
     19860 -10.45
     19890 -9.88
     19920 -9.28
     19950 -10.67
     19980 -11.70
     20010 -14.47
     20040 -15.27
     20070 -16.30
     20100 -16.30
     20130 -14.91
     20160 -13.69
     20190 -11.17
     20220 -10.04
