# Well Pumping Time Series Data for Well 101109 : 101109
# Start Date 1990
# Transient Simulation
# Created on 17-Mar-2019 17:40:16
# Column-1: Time in days from start date
# Column-2: Pumping Volume in cubic meters
         0  0.00
      3690 -448.51
      3720 -420.95
      3750 -484.17
      3780 -531.04
      3810 -656.43
      3840 -692.78
      3870 -739.89
      3900 -739.89
      3930 -676.55
      3960 -621.43
      3990 -506.72
      4020 -455.37
      4050 -504.57
      4080 -473.57
      4110 -544.69
      4140 -597.42
      4170 -738.48
      4200 -779.38
      4230 -832.38
      4260 -832.38
      4290 -761.12
      4320 -699.11
      4350 -570.06
      4380 -512.29
      4410 -504.57
      4440 -473.57
      4470 -544.69
      4500 -597.42
      4530 -738.48
      4560 -779.38
      4590 -832.38
      4620 -832.38
      4650 -761.12
      4680 -699.11
      4710 -570.06
      4740 -512.29
      4770 -560.64
      4800 -526.18
      4830 -605.21
      4860 -663.80
      4890 -820.54
      4920 -865.98
      4950 -924.86
      4980 -924.86
      5010 -845.68
      5040 -776.79
      5070 -633.40
      5100 -569.21
      5130 -448.51
      5160 -420.95
      5190 -484.17
      5220 -531.04
      5250 -656.43
      5280 -692.78
      5310 -739.89
      5340 -739.89
      5370 -676.55
      5400 -621.43
      5430 -506.72
      5460 -455.37
      5490 -504.57
      5520 -473.57
      5550 -544.69
      5580 -597.42
      5610 -738.48
      5640 -779.38
      5670 -832.38
      5700 -832.38
      5730 -761.12
      5760 -699.11
      5790 -570.06
      5820 -512.29
      5850 -504.57
      5880 -473.57
      5910 -544.69
      5940 -597.42
      5970 -738.48
      6000 -779.38
      6030 -832.38
      6060 -832.38
      6090 -761.12
      6120 -699.11
      6150 -570.06
      6180 -512.29
      6210 -560.64
      6240 -526.18
      6270 -605.21
      6300 -663.80
      6330 -820.54
      6360 -865.98
      6390 -924.86
      6420 -924.86
      6450 -845.68
      6480 -776.79
      6510 -633.40
      6540 -569.21
      6570 -560.64
      6600 -526.18
      6630 -605.21
      6660 -663.80
      6690 -820.54
      6720 -865.98
      6750 -924.86
      6780 -924.86
      6810 -845.68
      6840 -776.79
      6870 -633.40
      6900 -569.21
      6930 -448.51
      6960 -420.95
      6990 -484.17
      7020 -531.04
      7050 -656.43
      7080 -692.78
      7110 -739.89
      7140 -739.89
      7170 -676.55
      7200 -621.43
      7230 -506.72
      7260 -455.37
      7290 -504.57
      7320 -473.57
      7350 -544.69
      7380 -597.42
      7410 -738.48
      7440 -779.38
      7470 -832.38
      7500 -832.38
      7530 -761.12
      7560 -699.11
      7590 -570.06
      7620 -512.29
      7650 -448.51
      7680 -420.95
      7710 -484.17
      7740 -531.04
      7770 -656.43
      7800 -692.78
      7830 -739.89
      7860 -739.89
      7890 -676.55
      7920 -621.43
      7950 -506.72
      7980 -455.37
      8010 -504.57
      8040 -473.57
      8070 -544.69
      8100 -597.42
      8130 -738.48
      8160 -779.38
      8190 -832.38
      8220 -832.38
      8250 -761.12
      8280 -699.11
      8310 -570.06
      8340 -512.29
      8370 -448.51
      8400 -420.95
      8430 -484.17
      8460 -531.04
      8490 -656.43
      8520 -692.78
      8550 -739.89
      8580 -739.89
      8610 -676.55
      8640 -621.43
      8670 -506.72
      8700 -455.37
      8730 -448.51
      8760 -420.95
      8790 -484.17
      8820 -531.04
      8850 -656.43
      8880 -692.78
      8910 -739.89
      8940 -739.89
      8970 -676.55
      9000 -621.43
      9030 -506.72
      9060 -455.37
      9090 -560.64
      9120 -526.18
      9150 -605.21
      9180 -663.80
      9210 -820.54
      9240 -865.98
      9270 -924.86
      9300 -924.86
      9330 -845.68
      9360 -776.79
      9390 -633.40
      9420 -569.21
      9450 -560.64
      9480 -526.18
      9510 -605.21
      9540 -663.80
      9570 -820.54
      9600 -865.98
      9630 -924.86
      9660 -924.86
      9690 -845.68
      9720 -776.79
      9750 -633.40
      9780 -569.21
      9810 -448.51
      9840 -420.95
      9870 -484.17
      9900 -531.04
      9930 -656.43
      9960 -692.78
      9990 -739.89
     10020 -739.89
     10050 -676.55
     10080 -621.43
     10110 -506.72
     10140 -455.37
     10170 -560.64
     10200 -526.18
     10230 -605.21
     10260 -663.80
     10290 -820.54
     10320 -865.98
     10350 -924.86
     10380 -924.86
     10410 -845.68
     10440 -776.79
     10470 -633.40
     10500 -569.21
     10530 -560.64
     10560 -526.18
     10590 -605.21
     10620 -663.80
     10650 -820.54
     10680 -865.98
     10710 -924.86
     10740 -924.86
     10770 -845.68
     10800 -776.79
     10830 -633.40
     10860 -569.21
     10890 -560.64
     10920 -526.18
     10950 -605.21
     10980 -663.80
     11010 -820.54
     11040 -865.98
     11070 -924.86
     11100 -924.86
     11130 -845.68
     11160 -776.79
     11190 -633.40
     11220 -569.21
      1530 -504.57
      1560 -473.57
      1590 -544.69
      1620 -597.42
      1650 -738.48
      1680 -779.38
      1710 -832.38
      1740 -832.38
      1770 -761.12
      1800 -699.11
      1830 -570.06
      1860 -512.29
      1890 -504.57
      1920 -473.57
      1950 -544.69
      1980 -597.42
      2010 -738.48
      2040 -779.38
      2070 -832.38
      2100 -832.38
      2130 -761.12
      2160 -699.11
      2190 -570.06
      2220 -512.29
      2250 -504.57
      2280 -473.57
      2310 -544.69
      2340 -597.42
      2370 -738.48
      2400 -779.38
      2430 -832.38
      2460 -832.38
      2490 -761.12
      2520 -699.11
      2550 -570.06
      2580 -512.29
      2610 -560.64
      2640 -526.18
      2670 -605.21
      2700 -663.80
      2730 -820.54
      2760 -865.98
      2790 -924.86
      2820 -924.86
      2850 -845.68
      2880 -776.79
      2910 -633.40
      2940 -569.21
      2970 -448.51
      3000 -420.95
      3030 -484.17
      3060 -531.04
      3090 -656.43
      3120 -692.78
      3150 -739.89
      3180 -739.89
      3210 -676.55
      3240 -621.43
      3270 -506.72
      3300 -455.37
     11250 -255.43
     11280 -239.73
     11310 -275.73
     11340 -302.43
     11370 -373.84
     11400 -394.54
     11430 -421.37
     11460 -421.37
     11490 -385.29
     11520 -353.90
     11550 -288.58
     11580 -259.33
     11610 -122.51
     11640 -114.98
     11670 -132.25
     11700 -145.05
     11730 -179.30
     11760 -189.23
     11790 -202.10
     11820 -202.10
     11850 -184.80
     11880 -169.74
     11910 -138.41
     11940 -124.38
     11970 -201.58
     12000 -189.19
     12030 -217.61
     12060 -238.68
     12090 -295.03
     12120 -311.37
     12150 -332.54
     12180 -332.54
     12210 -304.07
     12240 -279.30
     12270 -227.74
     12300 -204.67
     12330 -172.05
     12360 -161.48
     12390 -185.73
     12420 -203.71
     12450 -251.81
     12480 -265.75
     12510 -283.82
     12540 -283.82
     12570 -259.52
     12600 -238.38
     12630 -194.38
     12660 -174.68
     12690 -186.01
     12720 -174.57
     12750 -200.79
     12780 -220.23
     12810 -272.23
     12840 -287.31
     12870 -306.85
     12900 -306.85
     12930 -280.58
     12960 -257.72
     12990 -210.14
     13020 -188.85
     13050 -156.67
     13080 -147.04
     13110 -169.13
     13140 -185.50
     13170 -229.30
     13200 -242.00
     13230 -258.45
     13260 -258.45
     13290 -236.33
     13320 -217.07
     13350 -177.00
     13380 -159.07
     13410 -158.03
     13440 -148.32
     13470 -170.60
     13500 -187.11
     13530 -231.29
     13560 -244.10
     13590 -260.70
     13620 -260.70
     13650 -238.38
     13680 -218.96
     13710 -178.54
     13740 -160.45
     13770 -179.72
     13800 -168.67
     13830 -194.01
     13860 -212.79
     13890 -263.03
     13920 -277.60
     13950 -296.47
     13980 -296.47
     14010 -271.09
     14040 -249.01
     14070 -203.04
     14100 -182.47
     14130 -122.05
     14160 -114.55
     14190 -131.75
     14220 -144.51
     14250 -178.63
     14280 -188.52
     14310 -201.34
     14340 -201.34
     14370 -184.10
     14400 -169.10
     14430 -137.89
     14460 -123.91
     14490 -129.68
     14520 -121.71
     14550 -139.99
     14580 -153.54
     14610 -189.79
     14640 -200.30
     14670 -213.92
     14700 -213.92
     14730 -195.61
     14760 -179.67
     14790 -146.50
     14820 -131.66
     14850 -150.70
     14880 -141.44
     14910 -162.68
     14940 -178.43
     14970 -220.56
     15000 -232.77
     15030 -248.60
     15060 -248.60
     15090 -227.32
     15120 -208.80
     15150 -170.26
     15180 -153.00
     15210 -223.20
     15240 -209.48
     15270 -240.95
     15300 -264.27
     15330 -326.67
     15360 -344.76
     15390 -368.21
     15420 -368.21
     15450 -336.68
     15480 -309.25
     15510 -252.17
     15540 -226.62
     15570 -140.66
     15600 -132.01
     15630 -151.84
     15660 -166.54
     15690 -205.86
     15720 -217.26
     15750 -232.03
     15780 -232.03
     15810 -212.17
     15840 -194.88
     15870 -158.91
     15900 -142.81
     15930 -127.79
     15960 -119.94
     15990 -137.95
     16020 -151.31
     16050 -187.03
     16080 -197.39
     16110 -210.81
     16140 -210.81
     16170 -192.76
     16200 -177.06
     16230 -144.37
     16260 -129.75
     16290 -143.78
     16320 -134.94
     16350 -155.21
     16380 -170.23
     16410 -210.43
     16440 -222.08
     16470 -237.18
     16500 -237.18
     16530 -216.88
     16560 -199.21
     16590 -162.44
     16620 -145.98
     16650 -106.87
     16680 -100.30
     16710 -115.37
     16740 -126.53
     16770 -156.41
     16800 -165.07
     16830 -176.30
     16860 -176.30
     16890 -161.20
     16920 -148.07
     16950 -120.74
     16980 -108.50
     17010 -133.50
     17040 -125.30
     17070 -144.11
     17100 -158.06
     17130 -195.39
     17160 -206.21
     17190 -220.23
     17220 -220.23
     17250 -201.37
     17280 -184.97
     17310 -150.82
     17340 -135.54
     17370 -124.69
     17400 -117.03
     17430 -134.60
     17460 -147.63
     17490 -182.49
     17520 -192.60
     17550 -205.69
     17580 -205.69
     17610 -188.09
     17640 -172.76
     17670 -140.87
     17700 -126.60
     17730 -93.53
     17760 -87.78
     17790 -100.96
     17820 -110.74
     17850 -136.88
     17880 -144.46
     17910 -154.29
     17940 -154.29
     17970 -141.08
     18000 -129.58
     18030 -105.66
     18060 -94.96
     18090 -107.89
     18120 -101.26
     18150 -116.47
     18180 -127.74
     18210 -157.90
     18240 -166.65
     18270 -177.98
     18300 -177.98
     18330 -162.74
     18360 -149.49
     18390 -121.89
     18420 -109.54
     18450 -251.14
     18480 -235.71
     18510 -271.11
     18540 -297.36
     18570 -367.57
     18600 -387.92
     18630 -414.30
     18660 -414.30
     18690 -378.83
     18720 -347.97
     18750 -283.74
     18780 -254.98
     18810 -114.33
     18840 -107.30
     18870 -123.41
     18900 -135.36
     18930 -167.32
     18960 -176.59
     18990 -188.60
     19020 -188.60
     19050 -172.45
     19080 -158.40
     19110 -129.16
     19140 -116.07
     19170 -138.54
     19200 -130.03
     19230 -149.56
     19260 -164.04
     19290 -202.77
     19320 -214.00
     19350 -228.55
     19380 -228.55
     19410 -208.99
     19440 -191.96
     19470 -156.52
     19500 -140.66
     19530 -125.37
     19560 -117.67
     19590 -135.34
     19620 -148.44
     19650 -183.49
     19680 -193.65
     19710 -206.82
     19740 -206.82
     19770 -189.11
     19800 -173.71
     19830 -141.64
     19860 -127.29
     19890 -141.53
     19920 -132.83
     19950 -152.78
     19980 -167.57
     20010 -207.14
     20040 -218.61
     20070 -233.47
     20100 -233.47
     20130 -213.48
     20160 -196.09
     20190 -159.89
     20220 -143.69
