# Well Pumping Time Series Data for Well 101093 : 101093
# Start Date 1990
# Transient Simulation
# Created on 17-Mar-2019 17:40:16
# Column-1: Time in days from start date
# Column-2: Pumping Volume in cubic meters
         0  0.00
      3690 -448.51
      3720 -420.95
      3750 -484.17
      3780 -531.04
      3810 -656.43
      3840 -692.78
      3870 -739.89
      3900 -739.89
      3930 -676.55
      3960 -621.43
      3990 -506.72
      4020 -455.37
      4050 -504.57
      4080 -473.57
      4110 -544.69
      4140 -597.42
      4170 -738.48
      4200 -779.38
      4230 -832.38
      4260 -832.38
      4290 -761.12
      4320 -699.11
      4350 -570.06
      4380 -512.29
      4410 -504.57
      4440 -473.57
      4470 -544.69
      4500 -597.42
      4530 -738.48
      4560 -779.38
      4590 -832.38
      4620 -832.38
      4650 -761.12
      4680 -699.11
      4710 -570.06
      4740 -512.29
      4770 -560.64
      4800 -526.18
      4830 -605.21
      4860 -663.80
      4890 -820.54
      4920 -865.98
      4950 -924.86
      4980 -924.86
      5010 -845.68
      5040 -776.79
      5070 -633.40
      5100 -569.21
      5130 -448.51
      5160 -420.95
      5190 -484.17
      5220 -531.04
      5250 -656.43
      5280 -692.78
      5310 -739.89
      5340 -739.89
      5370 -676.55
      5400 -621.43
      5430 -506.72
      5460 -455.37
      5490 -504.57
      5520 -473.57
      5550 -544.69
      5580 -597.42
      5610 -738.48
      5640 -779.38
      5670 -832.38
      5700 -832.38
      5730 -761.12
      5760 -699.11
      5790 -570.06
      5820 -512.29
      5850 -504.57
      5880 -473.57
      5910 -544.69
      5940 -597.42
      5970 -738.48
      6000 -779.38
      6030 -832.38
      6060 -832.38
      6090 -761.12
      6120 -699.11
      6150 -570.06
      6180 -512.29
      6210 -560.64
      6240 -526.18
      6270 -605.21
      6300 -663.80
      6330 -820.54
      6360 -865.98
      6390 -924.86
      6420 -924.86
      6450 -845.68
      6480 -776.79
      6510 -633.40
      6540 -569.21
      6570 -560.64
      6600 -526.18
      6630 -605.21
      6660 -663.80
      6690 -820.54
      6720 -865.98
      6750 -924.86
      6780 -924.86
      6810 -845.68
      6840 -776.79
      6870 -633.40
      6900 -569.21
      6930 -448.51
      6960 -420.95
      6990 -484.17
      7020 -531.04
      7050 -656.43
      7080 -692.78
      7110 -739.89
      7140 -739.89
      7170 -676.55
      7200 -621.43
      7230 -506.72
      7260 -455.37
      7290 -504.57
      7320 -473.57
      7350 -544.69
      7380 -597.42
      7410 -738.48
      7440 -779.38
      7470 -832.38
      7500 -832.38
      7530 -761.12
      7560 -699.11
      7590 -570.06
      7620 -512.29
      7650 -448.51
      7680 -420.95
      7710 -484.17
      7740 -531.04
      7770 -656.43
      7800 -692.78
      7830 -739.89
      7860 -739.89
      7890 -676.55
      7920 -621.43
      7950 -506.72
      7980 -455.37
      8010 -504.57
      8040 -473.57
      8070 -544.69
      8100 -597.42
      8130 -738.48
      8160 -779.38
      8190 -832.38
      8220 -832.38
      8250 -761.12
      8280 -699.11
      8310 -570.06
      8340 -512.29
      8370 -448.51
      8400 -420.95
      8430 -484.17
      8460 -531.04
      8490 -656.43
      8520 -692.78
      8550 -739.89
      8580 -739.89
      8610 -676.55
      8640 -621.43
      8670 -506.72
      8700 -455.37
      8730 -448.51
      8760 -420.95
      8790 -484.17
      8820 -531.04
      8850 -656.43
      8880 -692.78
      8910 -739.89
      8940 -739.89
      8970 -676.55
      9000 -621.43
      9030 -506.72
      9060 -455.37
      9090 -560.64
      9120 -526.18
      9150 -605.21
      9180 -663.80
      9210 -820.54
      9240 -865.98
      9270 -924.86
      9300 -924.86
      9330 -845.68
      9360 -776.79
      9390 -633.40
      9420 -569.21
      9450 -560.64
      9480 -526.18
      9510 -605.21
      9540 -663.80
      9570 -820.54
      9600 -865.98
      9630 -924.86
      9660 -924.86
      9690 -845.68
      9720 -776.79
      9750 -633.40
      9780 -569.21
      9810 -448.51
      9840 -420.95
      9870 -484.17
      9900 -531.04
      9930 -656.43
      9960 -692.78
      9990 -739.89
     10020 -739.89
     10050 -676.55
     10080 -621.43
     10110 -506.72
     10140 -455.37
     10170 -560.64
     10200 -526.18
     10230 -605.21
     10260 -663.80
     10290 -820.54
     10320 -865.98
     10350 -924.86
     10380 -924.86
     10410 -845.68
     10440 -776.79
     10470 -633.40
     10500 -569.21
     10530 -560.64
     10560 -526.18
     10590 -605.21
     10620 -663.80
     10650 -820.54
     10680 -865.98
     10710 -924.86
     10740 -924.86
     10770 -845.68
     10800 -776.79
     10830 -633.40
     10860 -569.21
     10890 -560.64
     10920 -526.18
     10950 -605.21
     10980 -663.80
     11010 -820.54
     11040 -865.98
     11070 -924.86
     11100 -924.86
     11130 -845.68
     11160 -776.79
     11190 -633.40
     11220 -569.21
     11250 -449.41
     11280 -421.79
     11310 -485.14
     11340 -532.10
     11370 -657.74
     11400 -694.17
     11430 -741.37
     11460 -741.37
     11490 -677.90
     11520 -622.67
     11550 -507.73
     11580 -456.28
     11610 -105.22
     11640 -98.75
     11670 -113.59
     11700 -124.58
     11730 -154.00
     11760 -162.53
     11790 -173.58
     11820 -173.58
     11850 -158.72
     11880 -145.79
     11910 -118.88
     11940 -106.83
     11970 -4.80
     12000 -4.50
     12030 -5.18
     12060 -5.68
     12090 -7.02
     12120 -7.41
     12150 -7.92
     12180 -7.92
     12210 -7.24
     12240 -6.65
     12270 -5.42
     12300 -4.87
     12330 -1.30
     12360 -1.22
     12390 -1.40
     12420 -1.54
     12450 -1.90
     12480 -2.01
     12510 -2.15
     12540 -2.15
     12570 -1.96
     12600 -1.80
     12630 -1.47
     12660 -1.32
     12690 -5.21
     12720 -4.89
     12750 -5.63
     12780 -6.17
     12810 -7.63
     12840 -8.05
     12870 -8.60
     12900 -8.60
     12930 -7.86
     12960 -7.22
     12990 -5.89
     13020 -5.29
     13050 -25.84
     13080 -24.25
     13110 -27.90
     13140 -30.60
     13170 -37.82
     13200 -39.91
     13230 -42.63
     13260 -42.63
     13290 -38.98
     13320 -35.80
     13350 -29.19
     13380 -26.24
     13770 -251.36
     13800 -235.92
     13830 -271.35
     13860 -297.62
     13890 -367.89
     13920 -388.26
     13950 -414.66
     13980 -414.66
     14010 -379.17
     14040 -348.27
     14070 -283.98
     14100 -255.21
     14130 -288.11
     14160 -270.40
     14190 -311.01
     14220 -341.12
     14250 -421.67
     14280 -445.02
     14310 -475.28
     14340 -475.28
     14370 -434.59
     14400 -399.18
     14430 -325.50
     14460 -292.51
     14850 -420.95
     14880 -395.08
     14910 -454.42
     14940 -498.41
     14970 -616.09
     15000 -650.21
     15030 -694.42
     15060 -694.42
     15090 -634.97
     15120 -583.24
     15150 -475.58
     15180 -427.39
     15210 -447.88
     15240 -420.36
     15270 -483.49
     15300 -530.30
     15330 -655.51
     15360 -691.81
     15390 -738.85
     15420 -738.85
     15450 -675.60
     15480 -620.56
     15510 -506.01
     15540 -454.73
     15570 -595.84
     15600 -559.22
     15630 -643.21
     15660 -705.48
     15690 -872.05
     15720 -920.35
     15750 -982.93
     15780 -982.93
     15810 -898.78
     15840 -825.56
     15870 -673.16
     15900 -604.95
     15930 -446.46
     15960 -419.02
     15990 -481.96
     16020 -528.61
     16050 -653.43
     16080 -689.61
     16110 -736.51
     16140 -736.51
     16170 -673.46
     16200 -618.59
     16230 -504.40
     16260 -453.29
     16290 -563.84
     16320 -529.19
     16350 -608.67
     16380 -667.59
     16410 -825.22
     16440 -870.92
     16470 -930.14
     16500 -930.14
     16530 -850.51
     16560 -781.22
     16590 -637.01
     16620 -572.46
     16650 -293.08
     16680 -275.07
     16710 -316.38
     16740 -347.01
     16770 -428.95
     16800 -452.70
     16830 -483.48
     16860 -483.48
     16890 -442.09
     16920 -406.08
     16950 -331.12
     16980 -297.56
     17010 -379.06
     17040 -355.76
     17070 -409.20
     17100 -448.81
     17130 -554.78
     17160 -585.50
     17190 -625.32
     17220 -625.32
     17250 -571.78
     17280 -525.20
     17310 -428.25
     17340 -384.86
     17370 -427.18
     17400 -400.93
     17430 -461.14
     17460 -505.79
     17490 -625.21
     17520 -659.84
     17550 -704.70
     17580 -704.70
     17610 -644.38
     17640 -591.88
     17670 -482.62
     17700 -433.72
     17730 -484.22
     17760 -454.47
     17790 -522.72
     17820 -573.33
     17850 -708.70
     17880 -747.95
     17910 -798.81
     17940 -798.81
     17970 -730.42
     18000 -670.91
     18030 -547.07
     18060 -491.63
     18090 -439.72
     18120 -412.70
     18150 -474.68
     18180 -520.63
     18210 -643.56
     18240 -679.20
     18270 -725.39
     18300 -725.39
     18330 -663.29
     18360 -609.25
     18390 -496.79
     18420 -446.45
     18450 -362.22
     18480 -339.96
     18510 -391.01
     18540 -428.87
     18570 -530.13
     18600 -559.49
     18630 -597.53
     18660 -597.53
     18690 -546.38
     18720 -501.87
     18750 -409.22
     18780 -367.76
     18810 -355.33
     18840 -333.50
     18870 -383.58
     18900 -420.72
     18930 -520.06
     18960 -548.86
     18990 -586.18
     19020 -586.18
     19050 -535.99
     19080 -492.33
     19110 -401.45
     19140 -360.77
     19170 -419.28
     19200 -393.51
     19230 -452.61
     19260 -496.43
     19290 -613.64
     19320 -647.63
     19350 -691.66
     19380 -691.66
     19410 -632.45
     19440 -580.93
     19470 -473.69
     19500 -425.69
     19530 -430.08
     19560 -403.65
     19590 -464.27
     19620 -509.22
     19650 -629.45
     19680 -664.31
     19710 -709.48
     19740 -709.48
     19770 -648.75
     19800 -595.89
     19830 -485.89
     19860 -436.66
     19890 -458.02
     19920 -429.88
     19950 -494.44
     19980 -542.31
     20010 -670.36
     20040 -707.48
     20070 -755.59
     20100 -755.59
     20130 -690.90
     20160 -634.61
     20190 -517.47
     20220 -465.03
