# Well Pumping Time Series Data for Well N25 : N25
# Start Date 1991
# Transient Simulation
# Created on 28-Jun-2019 13:13:08
# Column-1: Time in days from start date
# Column-2: Pumping Volume in cubic meters
         0 0.0000
         1 -36.2453
        30 -36.2453
        60 -36.2453
        90 -36.2453
       120 -36.2453
       150 -36.2453
       180 -36.2453
       210 -36.2453
       240 -36.2453
       270 -36.2453
       300 -36.2453
       330 -36.2453
       360 -36.2453
       390 -36.2453
       420 -36.2453
       450 -36.2453
       480 -36.2453
       510 -36.2453
       540 -36.2453
       570 -36.2453
       600 -36.2453
       630 -36.2453
       660 -36.2453
       690 -36.2453
       720 -36.2453
       750 -36.2453
       780 -36.2453
       810 -36.2453
       840 -36.2453
       870 -36.2453
       900 -36.2453
       930 -36.2453
       960 -36.2453
       990 -36.2453
      1020 -36.2453
      1050 -36.2453
      1080 -36.2453
      1110 -36.2453
      1140 -36.2453
      1170 -36.2453
      1200 -36.2453
      1230 -36.2453
      1260 -36.2453
      1290 -36.2453
      1320 -36.2453
      1350 -36.2453
      1380 -36.2453
      1410 -36.2453
      1440 -36.2453
      1470 -36.2453
      1500 -36.2453
      1530 -36.2453
      1560 -36.2453
      1590 -36.2453
      1620 -36.2453
      1650 -36.2453
      1680 -36.2453
      1710 -36.2453
      1740 -36.2453
      1770 -36.2453
      1800 -36.2453
      1830 -36.2453
      1860 -36.2453
      1890 -36.2453
      1920 -36.2453
      1950 -36.2453
      1980 -36.2453
      2010 -36.2453
      2040 -36.2453
      2070 -36.2453
      2100 -36.2453
      2130 -36.2453
      2160 -36.2453
      2190 -36.2453
      2220 -36.2453
      2250 -36.2453
      2280 -36.2453
      2310 -36.2453
      2340 -36.2453
      2370 -36.2453
      2400 -36.2453
      2430 -36.2453
      2460 -36.2453
      2490 -36.2453
      2520 -36.2453
      2550 -36.2453
      2580 -36.2453
      2610 -36.2453
      2640 -36.2453
      2670 -36.2453
      2700 -36.2453
      2730 -36.2453
      2760 -36.2453
      2790 -36.2453
      2820 -36.2453
      2850 -36.2453
      2880 -36.2453
      2910 -36.2453
      2940 -36.2453
      2970 -36.2453
      3000 -36.2453
      3030 -36.2453
      3060 -36.2453
      3090 -36.2453
      3120 -36.2453
      3150 -36.2453
      3180 -36.2453
      3210 -36.2453
      3240 -36.2453
      3270 -36.2453
      3300 -36.2453
      3330 -36.2453
      3360 -36.2453
      3390 -36.2453
      3420 -36.2453
      3450 -36.2453
      3480 -36.2453
      3510 -36.2453
      3540 -36.2453
      3570 -36.2453
      3600 -36.2453
      3630 -36.2453
      3660 -36.2453
      3690 -36.2453
      3720 -36.2453
      3750 -36.2453
      3780 -36.2453
      3810 -36.2453
      3840 -36.2453
      3870 -36.2453
      3900 -36.2453
      3930 -36.2453
      3960 -36.2453
      3990 -36.2453
      4020 -36.2453
      4050 -36.2453
      4080 -36.2453
      4110 -36.2453
      4140 -36.2453
      4170 -36.2453
      4200 -36.2453
      4230 -36.2453
      4260 -36.2453
      4290 -36.2453
      4320 -36.2453
      4350 -36.2453
      4380 -36.2453
      4410 -36.2453
      4440 -36.2453
      4470 -36.2453
      4500 -36.2453
      4530 -36.2453
      4560 -36.2453
      4590 -36.2453
      4620 -36.2453
      4650 -36.2453
      4680 -36.2453
      4710 -36.2453
      4740 -36.2453
      4770 -36.2453
      4800 -36.2453
      4830 -36.2453
      4860 -36.2453
      4890 -36.2453
      4920 -36.2453
      4950 -36.2453
      4980 -36.2453
      5010 -36.2453
      5040 -36.2453
      5070 -36.2453
      5100 -36.2453
      5130 -36.2453
      5160 -36.2453
      5190 -36.2453
      5220 -36.2453
      5250 -36.2453
      5280 -36.2453
      5310 -36.2453
      5340 -36.2453
      5370 -36.2453
      5400 -36.2453
      5430 -36.2453
      5460 -36.2453
      5490 -36.2453
      5520 -36.2453
      5550 -36.2453
      5580 -36.2453
      5610 -36.2453
      5640 -36.2453
      5670 -36.2453
      5700 -36.2453
      5730 -36.2453
      5760 -36.2453
      5790 -36.2453
      5820 -36.2453
      5850 -36.2453
      5880 -36.2453
      5910 -36.2453
      5940 -36.2453
      5970 -36.2453
      6000 -36.2453
      6030 -36.2453
      6060 -36.2453
      6090 -36.2453
      6120 -36.2453
      6150 -36.2453
      6180 -36.2453
      6210 -36.2453
      6240 -36.2453
      6270 -36.2453
      6300 -36.2453
      6330 -36.2453
      6360 -36.2453
      6390 -36.2453
      6420 -36.2453
      6450 -36.2453
      6480 -36.2453
      6510 -36.2453
      6540 -36.2453
      6570 -36.2453
      6600 -36.2453
      6630 -36.2453
      6660 -36.2453
      6690 -36.2453
      6720 -36.2453
      6750 -36.2453
      6780 -36.2453
      6810 -36.2453
      6840 -36.2453
      6870 -36.2453
      6900 -36.2453
      6930 -36.2453
      6960 -36.2453
      6990 -36.2453
      7020 -36.2453
      7050 -36.2453
      7080 -36.2453
      7110 -36.2453
      7140 -36.2453
      7170 -36.2453
      7200 -36.2453
      7230 -36.2453
      7260 -36.2453
      7290 -36.2453
      7320 -36.2453
      7350 -36.2453
      7380 -36.2453
      7410 -36.2453
      7440 -36.2453
      7470 -36.2453
      7500 -36.2453
      7530 -36.2453
      7560 -36.2453
      7590 -36.2453
      7620 -36.2453
      7650 -36.2453
      7680 -36.2453
      7710 -36.2453
      7740 -36.2453
      7770 -36.2453
      7800 -36.2453
      7830 -36.2453
      7860 -36.2453
      7890 -36.2453
      7920 -36.2453
      7950 -36.2453
      7980 -36.2453
      8010 -36.2453
      8040 -36.2453
      8070 -36.2453
      8100 -36.2453
      8130 -36.2453
      8160 -36.2453
      8190 -36.2453
      8220 -36.2453
      8250 -36.2453
      8280 -36.2453
      8310 -36.2453
      8340 -36.2453
      8370 -36.2453
      8400 -36.2453
      8430 -36.2453
      8460 -36.2453
      8490 -36.2453
      8520 -36.2453
      8550 -36.2453
      8580 -36.2453
      8610 -36.2453
