  pp_1_l2     616160     4019910     2            1.2499070E+00
  pp_4_l2     632700     4025600     2            8.2911150E-02
  pp_8_l2     617289     4033460     2            1.4929632E-04
 pp_10_l2     620363     4038880     2            1.4761300E-01
 pp_16_l2     610634     4040320     2            4.2711700E-01
 pp_17_l2     610362     4040780     2            5.0000000E+01
 pp_21_l2     603276     4039080     2            4.5953521E-02
 pp_22_l2     613690     4026160     2            2.5024358E-02
 pp_23_l2     608200     4029900     2            3.5673758E-02
 pp_24_l2     612200     4029800     2            6.0562003E-02
 pp_25_l2     612654     4035370     2            5.3468869E-03
 pp_26_l2     615089     4035450     2            6.7456830E-01
 pp_27_l2     615425     4031770     2            8.8365016E-03
 pp_28_l2     615551     4033120     2            2.2570372E-02
 pp_36_l2     610800     4027600     2            3.5764023E-02
 pp_40_l2     624378     4022350     2            2.2993970E+00
 pp_42_l2     622700     4026200     2            6.5737700E-02
 pp_44_l2     620835     4020480     2            1.5736070E+00
 pp_47_l2     621200     4017800     2            7.3462060E-01
 pp_52_l2     620444     4027120     2            4.1215741E-02
 pp_59_l2     629557     4030060     2            1.6538810E-01
 pp_61_l2     625442     4033120     2            6.4056510E-01
 pp_64_l2     618065     4033380     2            1.2735929E-03
 pp_66_l2     608882     4032350     2            5.4049182E-02
 pp_67_l2     604618     4033580     2            1.3650223E-02
 pp_69_l2     611338     4036480     2            8.0785969E-02
 pp_70_l2     608563     4037480     2            4.6741201E-02
 pp_72_l2     610023     4039130     2            4.2528970E+00
 pp_73_l2     611530     4038510     2            4.5659897E-04
 pp_74_l2     614858     4036290     2            2.5146900E-01
 pp_75_l2     614302     4035840     2            1.5741820E+00
 pp_77_l2     614457     4036950     2            2.2847390E+01
 pp_78_l2     615265     4036460     2            1.8405250E+00
 pp_79_l2     623633     4035880     2            1.2518479E-02
 pp_82_l2     624335     4036360     2            1.7159619E-04
 pp_83_l2     625858     4035860     2            1.9634164E-02
 pp_84_l2     625217     4036650     2            1.0640763E-03
 pp_85_l2     614793     4040070     2            1.1308464E-03
 pp_86_l2     614352     4039890     2            6.1946980E-04
 pp_87_l2     614226     4040350     2            4.2352326E-04
pp_109_l2     633723     4025570     2            5.7647909E-02
pp_113_l2     621819     4031780     2            6.5269135E-02
pp_119_l2     625083     4033690     2            2.1184254E-04
pp_120_l2     625638     4033610     2            4.6468711E-05
pp_121_l2     625342     4033320     2            6.8769730E-01
pp_123_l2     624377     4028340     2            3.3255030E-01
pp_125_l2     626458     4033090     2            2.1537106E-03
pp_127_l2     624815     4033640     2            7.5225209E-03
pp_131_l2     625956     4034930     2            1.7911251E-04
pp_132_l2     626141     4033860     2            1.9197093E-02
pp_133_l2     625456     4034790     2            1.6963926E-02
pp_134_l2     626214     4034430     2            2.6929333E-04
pp_135_l2     624869     4034540     2            2.3290980E-05
pp_136_l2     625309     4034350     2            1.3754188E-02
pp_137_l2     625724     4034000     2            3.2062693E-05
pp_138_l2     624235     4034580     2            7.2644089E-05
pp_139_l2     624419     4035520     2            1.7247129E-04
pp_140_l2     622196     4031580     2            8.5332662E-02
pp_141_l2     621836     4030140     2            1.5853882E-03
pp_146_l2     624547     4031270     2            2.3317472E-03
pp_149_l2     623253     4031210     2            1.6978710E-01
pp_150_l2     623569     4031650     2            3.5326138E-03
pp_158_l2     620802     4031730     2            1.3276461E-02
pp_179_l2     624462     4034170     2            1.3040249E-07
pp_183_l2     622656     4031610     2            5.8757493E-03
pp_194_l2     625081     4030970     2            3.6692840E-02
pp_198_l2     619767     4032590     2            6.5053147E-02
pp_231_l2     618736     4033170     2            7.6665871E-02
pp_234_l2     613061     4034490     2            3.5419088E-05
pp_235_l2     611300     4034530     2            1.2233873E-04
pp_236_l2     608983     4033160     2            1.4594035E-02
pp_237_l2     610064     4037800     2            1.3472939E-04
pp_238_l2     615811     4023510     2            4.7743998E-02
pp_239_l2     607049     4033240     2            9.0148710E-03
pp_241_l2     610546     4032620     2            2.7723230E-04
pp_247_l2     607337     4036350     2            3.5693442E-02
pp_248_l2     608929     4040250     2            3.1440904E-02
pp_250_l2     612062     4038210     2            1.9241620E-01
pp_251_l2     613127     4038110     2            3.6319660E-01
pp_252_l2     613340     4037980     2            5.0000000E+01
pp_253_l2     613434     4037730     2            5.0000000E+01
pp_254_l2     613653     4037350     2            2.1562790E+00
pp_255_l2     613850     4036980     2            3.1840820E+00
pp_257_l2     613118     4038380     2            2.3278166E-03
pp_258_l2     612427     4038480     2            5.0000000E+01
pp_259_l2     613004     4038550     2            3.3345830E-02
pp_260_l2     613482     4038220     2            1.0912490E+00
pp_261_l2     613479     4038830     2            5.6589825E-02
pp_268_l2     615960     4035060     2            6.2130390E-01
pp_270_l2     615482     4034880     2            2.7326358E-02
pp_271_l2     616016     4034820     2            1.1160330E-02
pp_272_l2     613650     4038280     2            6.0005740E+00
pp_273_l2     613905     4038000     2            1.0198861E-02
pp_275_l2     615454     4035160     2            3.8024423E-03
pp_276_l2     614508     4035530     2            3.4643330E+00
pp_277_l2     615413     4035870     2            5.0000000E+01
pp_278_l2     614978     4035010     2            4.8000094E-02
pp_280_l2     615756     4035220     2            5.3446830E-01
pp_281_l2     615763     4035450     2            1.3589870E-01
pp_284_l2     615699     4035030     2            5.4637480E-01
pp_285_l2     615346     4035340     2            2.2790498E-02
pp_286_l2     615465     4035530     2            4.1267322E-02
pp_287_l2     615844     4035940     2            3.2762360E-01
pp_288_l2     615470     4035310     2            2.4287740E-01
pp_289_l2     615655     4035410     2            2.5457505E-02
pp_290_l2     616088     4036080     2            8.9729530E-01
pp_291_l2     615944     4035670     2            1.2030780E-01
pp_292_l2     615785     4036560     2            2.3032500E-01
pp_294_l2     614400     4037910     2            1.6281904E-04
pp_295_l2     613746     4037670     2            3.6889360E+01
pp_296_l2     614177     4038110     2            7.0833812E-03
pp_297_l2     612430     4037560     2            2.1965990E-01
pp_299_l2     612771     4033140     2            3.1125357E-04
pp_300_l2     616090     4036490     2            7.9304380E+00
pp_301_l2     613973     4033070     2            1.2194053E-03
pp_302_l2     614504     4037360     2            9.8000951E-02
pp_303_l2     614937     4037250     2            4.2181447E-03
pp_306_l2     614011     4038230     2            4.1554130E-01
pp_307_l2     613789     4038490     2            3.3477530E+00
pp_317_l2     615957     4034340     2            5.4761668E-02
pp_324_l2     614222     4034460     2            7.1888619E-05
pp_328_l2     625150     4036440     2            3.2639758E-04
pp_329_l2     624751     4036750     2            3.4059971E-04
pp_330_l2     625545     4036210     2            2.0673164E-04
pp_331_l2     625059     4036210     2            3.4230580E-04
pp_332_l2     624451     4036640     2            1.2888910E-03
pp_333_l2     624944     4036330     2            2.4043091E-03
pp_335_l2     624388     4034940     2            1.5469555E-04
pp_336_l2     625724     4034290     2            1.0369602E-03
pp_337_l2     625442     4035520     2            1.8873455E-03
pp_338_l2     624552     4036840     2            1.3501920E-04
pp_339_l2     624794     4036510     2            3.3394012E-04
pp_340_l2     623631     4036800     2            1.0861189E-03
pp_341_l2     613957     4040710     2            3.1566587E-02
pp_342_l2     612755     4040460     2            7.8383233E-03
pp_343_l2     612953     4041540     2            2.1422890E+00
pp_344_l2     612353     4041140     2            6.7570536E-03
pp_345_l2     612543     4041770     2            1.3011034E-03
pp_346_l2     614845     4040620     2            1.6610190E-01
pp_347_l2     615128     4039530     2            1.1364960E-01
pp_348_l2     614538     4039640     2            5.0081755E-04
pp_349_l2     614350     4039880     2            2.2648783E-03
pp_350_l2     613495     4040170     2            9.2690292E-02
pp_351_l2     613574     4041230     2            4.1434890E-01
pp_353_l2     613580     4039820     2            1.1439487E-02
pp_354_l2     612489     4042150     2            4.4518715E-03
pp_358_l2     613811     4039240     2            8.3511107E-02
pp_361_l2     612371     4040700     2            1.3357429E-03
pp_366_l2     612939     4039060     2            3.9217840E-01
pp_371_l2     612890     4039370     2            4.4622350E-01
pp_372_l2     612179     4039010     2            1.0721549E-04
pp_373_l2     612516     4039290     2            5.0000000E+01
pp_374_l2     612375     4039860     2            4.1117060E+00
pp_376_l2     612014     4039260     2            2.2654920E-03
pp_377_l2     611615     4039770     2            1.2307380E+00
pp_378_l2     612135     4039660     2            5.0000000E+01
pp_379_l2     609878     4040300     2            4.0031597E-03
pp_380_l2     609326     4041160     2            1.9365800E-01
pp_381_l2     609573     4041680     2            3.3965190E+00
pp_385_l2     610910     4039790     2            6.1014652E-03
pp_386_l2     610797     4038760     2            2.6049349E-04
pp_387_l2     611317     4039460     2            8.4356402E-03
pp_388_l2     611715     4041570     2            2.9964110E-02
pp_389_l2     611707     4041580     2            8.9514001E-04
pp_390_l2     611459     4041880     2            4.2188164E-04
pp_392_l2     608453     4039740     2            2.1999330E-01
pp_393_l2     608487     4040890     2            2.8915001E-02
pp_394_l2     609914     4040980     2            7.4353354E-02
pp_397_l2     609791     4041450     2            5.9333475E-02
pp_400_l2     608749     4042240     2            1.0931229E-04
pp_405_l2     608329     4041410     2            1.2359040E-02
pp_408_l2     611966     4041070     2            1.6008603E-02
pp_409_l2     611553     4040400     2            1.5977800E-01
pp_410_l2     611332     4040710     2            7.7552350E-02
pp_419_l2     612253     4040240     2            3.5319286E-03
pp_421_l2     611984     4039950     2            7.6003545E-03
pp_422_l2     611947     4040300     2            1.2915977E-02
pp_423_l2     612273     4040030     2            1.4093144E-02
pp_424_l2     611006     4042490     2            2.8977955E-02
pp_426_l2     610997     4041170     2            6.7933408E-02
pp_429_l2     611053     4041280     2            6.1335464E-02
pp_430_l2     611251     4041310     2            3.3609874E-03
pp_431_l2     612748     4041230     2            7.9511813E-04
pp_432_l2     612120     4040570     2            4.8975060E-03
pp_433_l2     612095     4041440     2            9.3628267E-03
pp_434_l2     613185     4040950     2            7.3771712E-03
pp_435_l2     611589     4040080     2            5.0000000E+01
pp_436_l2     611368     4041260     2            1.7932859E-04
pp_437_l2     609017     4042100     2            7.0443880E-01
pp_438_l2     611847     4039450     2            1.1315870E+00
pp_439_l2     611536     4039070     2            1.0000000E-07
pp_440_l2     610973     4041860     2            8.2628710E-02
pp_442_l2     610240     4041350     2            9.9820150E-01
pp_445_l2     611623     4041020     2            3.7272967E-02
pp_446_l2     611004     4040960     2            4.1889980E+00
pp_447_l2     611354     4041060     2            4.2527525E-03
pp_470_l2     607703     4041190     2            8.9548862E-03
pp_518_l2     596068     4044340     2            2.4730201E-03
pp_584_l2     601340     4043430     2            2.9628650E-01
 pp_13_l2     597765     4047430     3            9.8386626E-04
 pp_14_l2     598161     4047340     3            4.2053200E-04
 pp_15_l2     598571     4047430     3            1.9453657E-04
 pp_90_l2     597840     4044480     3            5.5893020E-02
 pp_91_l2     597349     4044080     3            1.7093650E-01
 pp_92_l2     597508     4045320     3            4.5146045E-02
 pp_93_l2     598397     4044840     3            1.8953360E-01
 pp_94_l2     598313     4044550     3            6.1563643E-02
 pp_95_l2     598249     4044440     3            1.3952410E-01
 pp_96_l2     602220     4043730     3            3.3003270E-01
 pp_98_l2     601674     4043730     3            7.5258000E-01
 pp_99_l2     601804     4044250     3            8.5440318E-02
pp_100_l2     601548     4044700     3            2.1686687E-02
pp_101_l2     602426     4043510     3            2.4687850E+00
pp_102_l2     607825     4044770     3            5.4491760E+00
pp_103_l2     607173     4044040     3            4.4788840E+00
pp_104_l2     606711     4045540     3            8.1456708E-04
pp_106_l2     610438     4045060     3            2.9562614E-03
pp_107_l2     610341     4044340     3            3.2506749E-02
pp_108_l2     609906     4044630     3            3.3116310E-05
pp_383_l2     610587     4041210     3            3.2240770E-01
pp_396_l2     608852     4041960     3            2.0360660E+00
pp_398_l2     608721     4041800     3            1.0848090E-01
pp_399_l2     608366     4041950     3            1.5361940E+00
pp_401_l2     608754     4042060     3            6.4984079E-03
pp_402_l2     609077     4041920     3            3.7794770E-01
pp_403_l2     608571     4041900     3            1.6349680E+00
pp_404_l2     608655     4041960     3            1.5821300E-01
pp_406_l2     608420     4042130     3            1.4276910E+00
pp_407_l2     608562     4042110     3            7.5476740E-01
pp_411_l2     610909     4040760     3            5.7670010E+00
pp_412_l2     608377     4042220     3            4.4551067E-03
pp_413_l2     609206     4043430     3            3.3552980E+02
pp_415_l2     610065     4042360     3            1.4783514E-02
pp_416_l2     610456     4042860     3            2.0550683E-04
pp_417_l2     610974     4043120     3            9.0047589E-02
pp_427_l2     610491     4041790     3            1.3639200E-01
pp_443_l2     610659     4042370     3            4.5765778E-02
pp_449_l2     609515     4043020     3            3.2455244E-04
pp_450_l2     606379     4042440     3            1.9025990E-01
pp_453_l2     606345     4043620     3            4.0565650E+00
pp_454_l2     607457     4043740     3            5.7599320E+00
pp_455_l2     606977     4042820     3            1.9208731E-02
pp_456_l2     608062     4042430     3            3.4836670E-01
pp_457_l2     607594     4043180     3            4.4727270E-01
pp_458_l2     607771     4042460     3            2.8540980E+00
pp_459_l2     608452     4042440     3            3.5468949E-04
pp_460_l2     608008     4042060     3            7.6141510E-01
pp_462_l2     607482     4042200     3            6.0702440E-01
pp_463_l2     608039     4042270     3            1.0487040E+00
pp_464_l2     607063     4042100     3            1.2076900E-01
pp_466_l2     607272     4042480     3            3.8756440E-01
pp_484_l2     608195     4042120     3            9.0550910E+01
pp_485_l2     608251     4042230     3            2.2289830E+00
pp_486_l2     608293     4042840     3            2.8946260E+02
pp_493_l2     604763     4042640     3            1.5721100E-01
pp_494_l2     607363     4042870     3            3.2639218E-03
pp_495_l2     607798     4042810     3            9.1252597E-04
pp_496_l2     607649     4042610     3            1.4645773E-02
pp_511_l2     596878     4044430     3            5.5055710E-01
pp_512_l2     598194     4044240     3            2.4150301E-02
pp_513_l2     600160     4044380     3            1.1114700E-01
pp_515_l2     598849     4044440     3            1.5490090E-01
pp_516_l2     599470     4045190     3            1.6139210E-01
pp_517_l2     600007     4045310     3            2.4469360E-01
pp_519_l2     596564     4044330     3            1.2878880E-01
pp_520_l2     596121     4044920     3            2.3636170E+00
pp_521_l2     596633     4044140     3            2.5561643E-02
pp_522_l2     596565     4044330     3            1.3441550E+00
pp_523_l2     598355     4044440     3            1.0206090E-01
pp_524_l2     596733     4043660     3            1.0078240E-01
pp_526_l2     598551     4044350     3            1.3097330E-01
pp_527_l2     598953     4044950     3            9.0222381E-02
pp_528_l2     599221     4045320     3            2.3238270E-01
pp_529_l2     599450     4044520     3            4.8786304E-02
pp_530_l2     599154     4044170     3            1.4117600E-01
pp_531_l2     598077     4044100     3            1.7064820E-01
pp_538_l2     599597     4043870     3            1.5896830E-01
pp_540_l2     599003     4045650     3            2.6840650E+00
pp_541_l2     599242     4046550     3            2.0013240E-01
pp_542_l2     603061     4047330     3            1.3171430E-01
pp_543_l2     600984     4045720     3            1.3398090E-01
pp_544_l2     600749     4045510     3            1.1202690E-01
pp_549_l2     600198     4044870     3            6.1723530E-02
pp_554_l2     598150     4044540     3            9.3102603E-02
pp_555_l2     598344     4044360     3            1.6273290E-01
pp_556_l2     598349     4044050     3            6.0552333E-02
pp_557_l2     598159     4044340     3            1.1150990E-01
pp_558_l2     596813     4044840     3            1.1382090E+00
pp_559_l2     597046     4046430     3            1.2513300E-01
pp_560_l2     597337     4045900     3            1.5481122E-02
pp_561_l2     598506     4046590     3            1.5978706E-02
pp_562_l2     598748     4046450     3            6.0405220E-01
pp_563_l2     599025     4046770     3            2.9866096E-03
pp_564_l2     598451     4046910     3            4.3894597E-02
pp_565_l2     597936     4045910     3            1.6216320E+00
pp_566_l2     597538     4046820     3            6.8528855E-02
pp_567_l2     598012     4047080     3            4.1421250E-03
pp_568_l2     598256     4044250     3            1.1608840E-01
pp_569_l2     598164     4046760     3            1.3486490E+00
pp_570_l2     598394     4046260     3            1.9215000E+00
pp_571_l2     598673     4046930     3            2.9142016E-03
pp_572_l2     598355     4044250     3            1.5221320E-01
pp_573_l2     597603     4044930     3            4.7674987E-02
pp_574_l2     598144     4046420     3            3.3042950E-01
pp_576_l2     601365     4044130     3            5.5171679E-02
pp_577_l2     601309     4043960     3            1.8079720E+00
pp_578_l2     601033     4043990     3            2.6002770E-01
pp_579_l2     601072     4044160     3            1.4755690E-01
pp_580_l2     601153     4044330     3            2.2604720E+00
pp_581_l2     601378     4044330     3            2.5223400E-01
pp_582_l2     600421     4044170     3            7.6004140E-01
pp_583_l2     600749     4045490     3            1.1283270E-01
pp_587_l2     600637     4044350     3            8.9359218E-02
pp_588_l2     600791     4043940     3            2.4072780E-01
pp_589_l2     600931     4044660     3            1.8722477E-02
pp_590_l2     600886     4044360     3            3.5828230E-01
pp_591_l2     602778     4042970     3            3.0737310E-01
pp_592_l2     603038     4043140     3            1.9038493E-03
pp_593_l2     603041     4043140     3            8.5416769E-04
pp_594_l2     603358     4043140     3            2.0329230E-01
pp_595_l2     603349     4042940     3            6.8504420E-02
pp_596_l2     603591     4043870     3            1.0880500E-01
pp_597_l2     603198     4043470     3            4.0870212E-03
pp_598_l2     602842     4043500     3            6.5727860E-01
pp_599_l2     603038     4043510     3            1.2118890E-01
pp_600_l2     602858     4043860     3            2.7482237E-02
pp_601_l2     603555     4044270     3            5.3485611E-02
pp_602_l2     602533     4044090     3            9.4428941E-03
pp_603_l2     601625     4047110     3            5.7745690E-01
pp_604_l2     602633     4046100     3            7.3087880E-01
pp_605_l2     603472     4042890     3            6.2393603E-02
pp_606_l2     604046     4042680     3            7.5140617E-02
pp_607_l2     603486     4042800     3            1.2720360E-01
pp_608_l2     603953     4042850     3            9.5293660E-01
pp_609_l2     602971     4044050     3            4.1486262E-04
pp_610_l2     602408     4043190     3            1.2848600E+00
pp_611_l2     603648     4043380     3            6.7660113E-02
pp_612_l2     603213     4043310     3            1.1175840E-01
pp_613_l2     603771     4043490     3            3.9879630E-01
pp_628_l2     604373     4043460     3            3.3505622E-02
pp_629_l2     604429     4045670     3            4.8922796E-02
pp_631_l2     604232     4043920     3            3.0328846E-02
pp_632_l2     603041     4043510     3            3.6843008E-02
pp_644_l2     603532     4043220     3            2.2164450E-01
pp_645_l2     603548     4042950     3            3.7270090E-01
pp_646_l2     603700     4043050     3            3.9557010E+00
pp_647_l2     603581     4043030     3            8.8994640E-01
pp_648_l2     603914     4042990     3            4.2644930E+00
pp_650_l2     603903     4043300     3            8.4722730E-01
pp_651_l2     604823     4043230     3            1.4685310E-01
pp_652_l2     604640     4043160     3            1.0042960E-01
pp_653_l2     604510     4043670     3            3.5804732E-02
pp_655_l2     605281     4044140     3            1.2181594E-02
pp_656_l2     604954     4043370     3            7.0173810E+00
pp_657_l2     605241     4042880     3            1.8430320E+00
pp_658_l2     605019     4042940     3            2.5615570E+00
pp_660_l2     607464     4044270     3            1.0956370E+00
pp_661_l2     604836     4042930     3            3.2013570E-01
pp_663_l2     604504     4042890     3            4.1733216E-02
pp_665_l2     604374     4043180     3            7.6971310E-01
pp_666_l2     604154     4043240     3            1.6641330E+00
pp_667_l2     604306     4043180     3            8.2801360E-01
pp_668_l2     604502     4042960     3            8.3918170E-01
pp_669_l2     610632     4042050     3            9.0321088E-02
pp_670_l2     608529     4045890     3            2.1280438E-04
pp_671_l2     606822     4043330     3            3.7457189E-03
pp_672_l2     608570     4044070     3            2.4740420E+02
pp_674_l2     610440     4043260     3            2.6770230E-01
pp_676_l2     610645     4043610     3            1.7199110E-02
pp_677_l2     611220     4043780     3            1.1963450E-01
pp_678_l2     611262     4045060     3            3.7344873E-04
pp_679_l2     610587     4044450     3            1.2055240E+00
pp_682_l2     609780     4045620     3            7.4523140E-01
pp_684_l2     609157     4044730     3            6.9962026E-05
pp_686_l2     609402     4045150     3            2.1493260E-01
pp_690_l2     609468     4044120     3            4.7063220E+01
pp_694_l2     598952     4047260     3            7.2536187E-03
pp_695_l2     598622     4047210     3            7.5950795E-03
pp_696_l2     597843     4047650     3            3.9568004E-02
pp_697_l2     599234     4047150     3            1.2101497E-02
pp_698_l2     599806     4046970     3            1.0866950E-01
  pp_7_l2     618309     4034580     4            1.9614957E-03
 pp_18_l2     601375     4041000     4            8.2766070E-01
 pp_31_l2     622631     4032370     4            4.4245762E-02
 pp_32_l2     621869     4033060     4            2.0528930E+00
 pp_33_l2     622548     4032850     4            4.7091146E-03
 pp_54_l2     619803     4028910     4            1.7322460E-01
 pp_55_l2     620982     4032510     4            6.0988891E-02
 pp_65_l2     609000     4035560     4            3.6298330E-03
 pp_88_l2     607526     4040450     4            9.7654548E-05
 pp_97_l2     601740     4043420     4            4.2431800E-01
pp_105_l2     607336     4044780     4            1.6488810E-03
pp_110_l2     621327     4032140     4            1.1402075E-04
pp_142_l2     622037     4032150     4            5.8884083E-03
pp_143_l2     621675     4032660     4            4.6019601E-05
pp_153_l2     622364     4032050     4            4.3035379E-04
pp_154_l2     622820     4032240     4            2.3385251E-02
pp_155_l2     623174     4031890     4            3.4865771E-03
pp_156_l2     622186     4032610     4            5.0952375E-02
pp_157_l2     621212     4033350     4            8.0047383E-03
pp_159_l2     621715     4033250     4            2.9480724E-03
pp_160_l2     621990     4033240     4            6.2776580E-04
pp_161_l2     622100     4033140     4            3.1514457E-02
pp_162_l2     622191     4032940     4            1.0663960E-01
pp_172_l2     620736     4033570     4            1.4287735E-02
pp_187_l2     623445     4032140     4            5.0910300E-01
pp_195_l2     621540     4033180     4            2.4693110E-01
pp_196_l2     621374     4032940     4            8.1825580E-02
pp_197_l2     620700     4033130     4            3.0041430E-01
pp_199_l2     619858     4033200     4            7.9719457E-03
pp_201_l2     621575     4033390     4            8.6125851E-02
pp_202_l2     622032     4031940     4            8.6614654E-02
pp_228_l2     620059     4033430     4            1.9397743E-02
pp_230_l2     619674     4033530     4            3.5739893E-02
pp_246_l2     607338     4038330     4            6.8844448E-04
pp_256_l2     613376     4036930     4            4.9451647E-03
pp_274_l2     613858     4036630     4            8.5829252E-03
pp_308_l2     613376     4036540     4            3.0278059E-02
pp_309_l2     616062     4037620     4            1.6859451E-04
pp_316_l2     616359     4034840     4            6.9999636E-05
pp_362_l2     615301     4038980     4            3.1056990E-01
pp_382_l2     610112     4041800     4            1.3308250E-01
pp_441_l2     611043     4044130     4            1.4917880E-01
pp_448_l2     609269     4041880     4            1.8684410E+00
pp_451_l2     605761     4041970     4            1.6466980E-01
pp_474_l2     606133     4040500     4            1.0116282E-03
pp_477_l2     603921     4040680     4            1.4038113E-02
pp_487_l2     608435     4043260     4            5.0000000E+02
pp_489_l2     605735     4041390     4            2.0806231E-03
pp_497_l2     603216     4040330     4            1.0484290E+00
pp_498_l2     602205     4040520     4            6.5746010E-01
pp_499_l2     600725     4042460     4            2.0988369E-04
pp_500_l2     601465     4042540     4            2.7244301E-03
pp_501_l2     601991     4042760     4            1.1794770E+00
pp_507_l2     603160     4042780     4            4.3101140E-03
pp_508_l2     602996     4042490     4            1.8093069E-03
pp_510_l2     597329     4043020     4            2.6961070E-01
pp_514_l2     600026     4043960     4            2.9406409E-02
pp_525_l2     598267     4043230     4            5.3397067E-02
pp_533_l2     599529     4043170     4            1.7539960E-04
pp_536_l2     599640     4043260     4            1.4873118E-04
pp_537_l2     599820     4043780     4            5.1810218E-03
pp_539_l2     599743     4043630     4            4.2072926E-03
pp_545_l2     600116     4043050     4            1.5157864E-04
pp_546_l2     599872     4043000     4            1.5309149E-04
pp_547_l2     599847     4043110     4            1.3064902E-04
pp_548_l2     599906     4043240     4            1.9512060E-01
pp_550_l2     600243     4043170     4            1.1013450E-01
pp_551_l2     600033     4043450     4            1.3738780E-01
pp_552_l2     599902     4043340     4            3.6033180E-01
pp_553_l2     600033     4043290     4            2.7470390E-01
pp_575_l2     600229     4043620     4            3.5047891E-02
pp_586_l2     600744     4043660     4            7.6495980E+00
pp_614_l2     600991     4042950     4            1.1130080E+00
pp_615_l2     600243     4042940     4            1.0999680E-01
pp_616_l2     600315     4042620     4            1.4821550E+00
pp_617_l2     600346     4043310     4            9.7542685E-02
pp_618_l2     600378     4043530     4            2.6521264E-02
pp_619_l2     600774     4043030     4            1.7793580E-01
pp_620_l2     600756     4043150     4            1.5100489E-03
pp_621_l2     600854     4043190     4            1.9645612E-03
pp_622_l2     600964     4043240     4            5.8422500E+00
pp_623_l2     600553     4043030     4            4.5769980E-02
pp_624_l2     600667     4043610     4            8.9800161E-02
pp_625_l2     600693     4043430     4            7.8906970E-01
pp_626_l2     600777     4043260     4            6.6832468E-02
pp_627_l2     600643     4043130     4            7.0208367E-02
pp_630_l2     605750     4046350     4            1.7183994E-02
pp_633_l2     600953     4043070     4            4.2723179E-03
pp_634_l2     599984     4042790     4            1.3195070E-01
pp_635_l2     600344     4043030     4            2.1515671E-04
pp_636_l2     600437     4043030     4            1.9990275E-03
pp_637_l2     600665     4042950     4            3.3711350E-01
pp_638_l2     601284     4041970     4            1.7718041E-04
pp_639_l2     600494     4043190     4            5.9028091E-02
pp_640_l2     600736     4042850     4            2.1748877E-02
pp_641_l2     600301     4042850     4            3.4857400E-01
pp_642_l2     600859     4042760     4            1.8106825E-02
pp_649_l2     600466     4042910     4            1.2034770E-01
pp_654_l2     607006     4044270     4            6.2108260E+00
pp_659_l2     608235     4044250     4            9.6407840E-05
pp_662_l2     605014     4041850     4            2.1397299E-04
pp_673_l2     610715     4043950     4            1.9283946E-04
pp_675_l2     610175     4044070     4            3.5707700E+00
pp_680_l2     610665     4044150     4            1.4398960E-01
pp_681_l2     610234     4043780     4            2.6957372E-04
pp_683_l2     610460     4044140     4            8.6430296E-02
pp_685_l2     608893     4045040     4            3.2905465E-02
pp_687_l2     609904     4043900     4            1.1297952E-02
pp_688_l2     609964     4043490     4            7.6801285E-03
pp_689_l2     610327     4044040     4            2.8900580E-01
pp_691_l2     611037     4044460     4            6.0019512E-04
pp_692_l2     610858     4044330     4            4.6611631E-03
pp_693_l2     611341     4044170     4            1.7785347E-02
 pp_11_l2     621643     4037290     5            8.9473291E-03
 pp_39_l2     623900     4017700     5            1.4699720E-01
 pp_45_l2     622525     4018340     5            1.3007630E-01
 pp_48_l2     629450     4021560     5            2.2136285E-02
 pp_68_l2     606649     4035520     5            7.1660717E-02
 pp_71_l2     608094     4038910     5            1.6481797E-04
pp_111_l2     619617     4031060     5            3.1406442E-03
pp_118_l2     626322     4031840     5            3.2338511E-02
pp_145_l2     624307     4031510     5            3.8390840E-01
pp_152_l2     620574     4029190     5            1.7381126E-02
pp_189_l2     623576     4031970     5            2.1333760E-02
pp_232_l2     610546     4034370     5            8.2170730E-05
pp_240_l2     609586     4033580     5            1.4024861E-02
pp_243_l2     607297     4035520     5            8.9990850E-03
pp_244_l2     605863     4037300     5            5.3032323E-02
pp_245_l2     606555     4038670     5            6.7195741E-02
pp_249_l2     608577     4038590     5            1.3328999E-04
pp_262_l2     613259     4039650     5            7.9355930E-01
pp_279_l2     616333     4036270     5            8.6181190E-01
pp_311_l2     616310     4038810     5            2.0485200E-01
pp_321_l2     616749     4038900     5            2.6413610E-01
pp_327_l2     623499     4035070     5            1.2542702E-04
pp_352_l2     613847     4039590     5            8.9606200E-01
pp_357_l2     613361     4039320     5            1.9060440E-01
pp_359_l2     614521     4039390     5            6.5844424E-02
pp_370_l2     616421     4036460     5            1.0816480E-01
pp_375_l2     612609     4039600     5            9.1140600E-01
pp_384_l2     610940     4040050     5            3.6346833E-02
pp_395_l2     608853     4041580     5            9.2255048E-03
pp_414_l2     608985     4042450     5            6.1146188E-02
pp_418_l2     612787     4039970     5            3.7655213E-02
pp_420_l2     612452     4040050     5            2.4490023E-03
pp_425_l2     611150     4041540     5            3.8047270E-01
pp_428_l2     610945     4041490     5            2.9404940E+00
pp_444_l2     610696     4041610     5            1.0000000E+02
pp_452_l2     605660     4042390     5            3.9705390E+00
pp_461_l2     606671     4040780     5            2.0853482E-03
pp_465_l2     606640     4041850     5            8.4178710E+00
pp_467_l2     607540     4041780     5            7.3592407E-03
pp_468_l2     606539     4040640     5            3.7089331E-04
pp_471_l2     607054     4039840     5            1.2376219E-03
pp_472_l2     604953     4038650     5            1.3509000E+00
pp_473_l2     606114     4039410     5            2.4041860E-01
pp_475_l2     606568     4040990     5            3.3207757E-02
pp_483_l2     608177     4041760     5            3.0469801E-03
pp_488_l2     606469     4041330     5            1.3163340E+00
pp_502_l2     603647     4042650     5            2.4159255E-03
pp_504_l2     603343     4042610     5            1.7309230E-01
pp_505_l2     603448     4042410     5            2.6922990E-01
pp_506_l2     603534     4042690     5            7.9167837E-03
pp_664_l2     604836     4042360     5            1.3221450E-01
  pp_5_l2     620891     4034890     6            1.2487700E-01
  pp_6_l2     619339     4034280     6            3.6095964E-02
  pp_9_l2     618861     4036860     6            1.4001740E+02
 pp_12_l2     621714     4035600     6            5.7929473E-02
 pp_30_l2     622846     4032800     6            1.0697070E+00
 pp_34_l2     622737     4032940     6            1.2304460E-01
 pp_35_l2     622859     4032950     6            2.2199590E-01
 pp_76_l2     614282     4036550     6            5.9139485E-03
pp_114_l2     624359     4030790     6            5.4955799E-03
pp_115_l2     622686     4029470     6            1.1285470E-01
pp_117_l2     624567     4032940     6            7.6667491E-02
pp_124_l2     625048     4032000     6            8.1062920E-01
pp_126_l2     624859     4033050     6            1.4173590E-01
pp_128_l2     623444     4033410     6            5.7121930E-02
pp_129_l2     624101     4033280     6            6.7162264E-02
pp_130_l2     624418     4033420     6            4.2384136E-02
pp_147_l2     624161     4031830     6            1.8973490E-05
pp_148_l2     624446     4032230     6            1.1018070E-01
pp_151_l2     623923     4032040     6            1.3855199E-04
pp_163_l2     621984     4033640     6            1.8300550E+00
pp_164_l2     621617     4033650     6            1.1999200E+00
pp_165_l2     621684     4033810     6            4.9986180E-01
pp_166_l2     621516     4034030     6            3.8408367E-02
pp_167_l2     621847     4033540     6            2.3221950E+00
pp_168_l2     621633     4033480     6            4.5865107E-03
pp_169_l2     620553     4034380     6            9.8733243E-03
pp_170_l2     622360     4034530     6            6.0609291E-02
pp_171_l2     620152     4034590     6            7.5790029E-03
pp_173_l2     620168     4035000     6            1.7946860E-01
pp_174_l2     621457     4033760     6            3.9160968E-02
pp_175_l2     623773     4034360     6            1.2709339E-04
pp_176_l2     623749     4034050     6            5.0958559E-03
pp_177_l2     622539     4034170     6            2.5064129E-02
pp_178_l2     623051     4035200     6            1.7465826E-02
pp_180_l2     624941     4031370     6            1.8161622E-03
pp_181_l2     624759     4032760     6            1.1579890E-01
pp_182_l2     625268     4032950     6            8.2784449E-02
pp_184_l2     623295     4032990     6            4.4763754E-02
pp_185_l2     623969     4032890     6            2.8086466E-02
pp_186_l2     623878     4032600     6            2.8445014E-03
pp_188_l2     623569     4032410     6            1.4770510E+00
pp_190_l2     623759     4033730     6            8.5293414E-03
pp_191_l2     623093     4033590     6            2.3409200E-01
pp_192_l2     623162     4033930     6            3.4934217E-03
pp_193_l2     623358     4034120     6            2.9721959E-03
pp_200_l2     621171     4034120     6            2.8397890E-02
pp_203_l2     623070     4033130     6            6.3864792E-02
pp_204_l2     623061     4033130     6            6.0657579E-02
pp_205_l2     622765     4033050     6            5.4862874E-02
pp_206_l2     622719     4033170     6            3.0522860E-01
pp_207_l2     622784     4033270     6            3.0553950E-01
pp_208_l2     622873     4033080     6            7.4510146E-02
pp_209_l2     622534     4033080     6            9.2236534E-02
pp_210_l2     622613     4033140     6            1.5718200E+00
pp_211_l2     622700     4033470     6            1.2233510E-01
pp_212_l2     622512     4033280     6            4.6750390E-01
pp_213_l2     622656     4033660     6            2.3396144E-02
pp_214_l2     622359     4033250     6            1.0291370E-01
pp_215_l2     622344     4033440     6            1.9049350E-01
pp_216_l2     622344     4033320     6            6.4619660E-01
pp_217_l2     622150     4033360     6            2.6951920E-01
pp_218_l2     622222     4033410     6            3.0323560E-01
pp_219_l2     622259     4033540     6            2.9104820E-01
pp_220_l2     622460     4033430     6            4.5373440E-01
pp_221_l2     622137     4033950     6            4.4049542E-02
pp_222_l2     621233     4033740     6            1.9323060E-02
pp_223_l2     620820     4034090     6            1.0356040E-01
pp_224_l2     622004     4033500     6            1.8116240E-01
pp_225_l2     621968     4033370     6            3.2528774E-02
pp_226_l2     621816     4033370     6            1.6906674E-02
pp_227_l2     623075     4032660     6            3.7395020E-01
pp_229_l2     620176     4033910     6            1.4822839E-02
pp_263_l2     614993     4038090     6            3.9029834E-02
pp_264_l2     614897     4037620     6            1.8672609E-02
pp_265_l2     614461     4038380     6            4.3368417E-03
pp_266_l2     614684     4038450     6            2.8225419E-03
pp_267_l2     615764     4038270     6            7.5015880E-04
pp_269_l2     616412     4035260     6            6.5694450E-02
pp_282_l2     615999     4035540     6            1.0307337E-02
pp_283_l2     616187     4035380     6            3.0372680E-02
pp_293_l2     616710     4036980     6            4.9696740E-01
pp_298_l2     616676     4036370     6            7.9244990E-03
pp_304_l2     614385     4038480     6            1.6900285E-03
pp_305_l2     614629     4038670     6            1.6229475E-03
pp_310_l2     614630     4038670     6            2.8851779E-03
pp_312_l2     616505     4035970     6            1.1697871E-02
pp_313_l2     613767     4039040     6            3.1981070E-03
pp_314_l2     614587     4038170     6            3.1378283E-02
pp_318_l2     613400     4038630     6            1.0000000E+02
pp_319_l2     613164     4038870     6            1.0000000E+02
pp_320_l2     616337     4036770     6            3.8056760E-04
pp_323_l2     617388     4035530     6            6.3370163E-04
pp_325_l2     614098     4038520     6            5.7752200E-01
pp_326_l2     614245     4038550     6            4.6142150E-01
pp_334_l2     623167     4034710     6            1.7716580E-01
pp_355_l2     614401     4039210     6            1.3788140E-01
pp_356_l2     614149     4039120     6            1.8381850E+00
pp_360_l2     614263     4038920     6            2.1401910E-01
pp_363_l2     614676     4038890     6            4.7344120E-01
pp_364_l2     614567     4038960     6            6.2189682E-04
pp_365_l2     614757     4039130     6            4.2432940E-03
pp_367_l2     614369     4038740     6            2.4958480E-01
pp_368_l2     614562     4038800     6            9.0880390E-06
pp_369_l2     614436     4038870     6            9.7884921E-02
 pp_19_l2     602478     4041900     7            8.4095168E-04
 pp_20_l2     603089     4041870     7            4.9820500E-02
 pp_89_l2     605856     4040100     7            9.7624961E-04
pp_469_l2     606940     4041510     7            9.7506861E-03
pp_476_l2     605948     4040810     7            1.4551503E-03
pp_478_l2     604351     4040940     7            4.0548260E+00
pp_479_l2     605000     4039700     7            5.9634229E-03
pp_480_l2     604932     4040690     7            1.3275611E-02
pp_481_l2     604747     4041350     7            3.4503609E-03
pp_482_l2     604704     4041650     7            5.2698460E-01
pp_490_l2     603818     4041500     7            7.4398890E-02
pp_491_l2     604378     4041420     7            1.1243320E+00
pp_492_l2     604180     4042370     7            3.2415857E-03
pp_503_l2     604280     4041710     7            2.1792660E+00
pp_509_l2     603857     4042240     7            5.7062202E-02
pp_532_l2     599274     4043240     7            5.9408584E-03
pp_534_l2     598842     4043670     7            1.8839720E-01
pp_535_l2     599559     4043560     7            1.1916840E-01
pp_585_l2     600848     4043610     7            6.5573830E-01
pp_643_l2     601560     4043130     7            4.9706714E-02
  pp_2_l2     629500     4023400     8            9.0807123E-04
  pp_3_l2     628800     4021900     8            5.6669999E-04
 pp_29_l2     617300     4029800     8            5.2862634E-02
 pp_41_l2     619688     4026190     8            2.5579066E-02
 pp_43_l2     629376     4021040     8            1.9239642E-03
 pp_46_l2     629895     4020500     8            1.1571177E-03
 pp_49_l2     629242     4022500     8            1.2027143E-03
 pp_50_l2     627245     4026960     8            7.8753230E-02
 pp_51_l2     620316     4029030     8            1.0145650E-01
 pp_53_l2     620607     4028860     8            8.5188986E-03
pp_112_l2     621078     4030580     8            6.8512380E-03
pp_144_l2     620389     4029540     8            1.2325890E-01
pp_233_l2     611480     4033440     8            1.0797336E-03
pp_242_l2     620036     4023320     8            9.3739500E+01
pp_315_l2     615679     4037090     8            2.0212233E-02
pp_391_l2     611645     4042990     8            1.5715136E-02
 pp_37_l2     632368     4028170     9            3.9907161E-02
 pp_38_l2     635098     4028600     9            5.4572198E-04
 pp_56_l2     633800     4029600     9            4.0492499E-04
 pp_57_l2     635383     4028890     9            2.5798648E-03
 pp_58_l2     628600     4034800     9            5.4309485E-02
 pp_60_l2     632195     4033210     9            2.0198780E+00
 pp_62_l2     626593     4034950     9            1.3425615E-03
 pp_63_l2     627822     4039840     9            3.5472728E-02
 pp_80_l2     620575     4040290     9            8.8271135E-02
 pp_81_l2     624051     4039100     9            1.4917446E-02
pp_116_l2     634763     4027160     9            1.7615170E+00
pp_122_l2     627061     4033930     9            3.7232243E-02
pp_322_l2     624848     4042750     9            1.2610870E-01
