# Well Pumping Time Series Data for Well 101047 : 101047
# Start Date 1991
# Transient Simulation
# Created on 04-Jun-2019 09:21:58
# Column-1: Time in days from start date
# Column-2: Pumping Volume in cubic meters
         0 0.0000
       120 -5.7670
       480 -5.7670
       840 -5.7670
      1200 -5.7670
      1560 -5.7670
      1920 -5.7670
      2280 -5.7670
      2640 -5.7670
      3000 -5.7670
      3360 -5.7670
      3720 -5.7670
      4080 -5.7670
      4440 -5.7670
      4800 -5.7670
      5160 -5.7670
      5520 -5.7670
      5880 -5.7670
      6240 -5.7670
      6600 -5.7670
      6960 -5.7670
      7320 -5.7670
      7680 -5.7670
      8040 -5.7670
      8400 -5.7670
        90 -6.1446
       450 -6.1446
       810 -6.1446
      1170 -6.1446
      1530 -6.1446
      1890 -6.1446
      2250 -6.1446
      2610 -6.1446
      2970 -6.1446
      3330 -6.1446
      3690 -6.1446
      4050 -6.1446
      4410 -6.1446
      4770 -6.1446
      5130 -6.1446
      5490 -6.1446
      5850 -6.1446
      6210 -6.1446
      6570 -6.1446
      6930 -6.1446
      7290 -6.1446
      7650 -6.1446
      8010 -6.1446
      8370 -6.1446
        60 -6.2386
       420 -6.2386
       780 -6.2386
      1140 -6.2386
      1500 -6.2386
      1860 -6.2386
      2220 -6.2386
      2580 -6.2386
      2940 -6.2386
      3300 -6.2386
      3660 -6.2386
      4020 -6.2386
      4380 -6.2386
      4740 -6.2386
      5100 -6.2386
      5460 -6.2386
      5820 -6.2386
      6180 -6.2386
      6540 -6.2386
      6900 -6.2386
      7260 -6.2386
      7620 -6.2386
      7980 -6.2386
      8340 -6.2386
       150 -6.6331
       510 -6.6331
       870 -6.6331
      1230 -6.6331
      1590 -6.6331
      1950 -6.6331
      2310 -6.6331
      2670 -6.6331
      3030 -6.6331
      3390 -6.6331
      3750 -6.6331
      4110 -6.6331
      4470 -6.6331
      4830 -6.6331
      5190 -6.6331
      5550 -6.6331
      5910 -6.6331
      6270 -6.6331
      6630 -6.6331
      6990 -6.6331
      7350 -6.6331
      7710 -6.6331
      8070 -6.6331
      8430 -6.6331
        30 -6.9420
       390 -6.9420
       750 -6.9420
      1110 -6.9420
      1470 -6.9420
      1830 -6.9420
      2190 -6.9420
      2550 -6.9420
      2910 -6.9420
      3270 -6.9420
      3630 -6.9420
      3990 -6.9420
      4350 -6.9420
      4710 -6.9420
      5070 -6.9420
      5430 -6.9420
      5790 -6.9420
      6150 -6.9420
      6510 -6.9420
      6870 -6.9420
      7230 -6.9420
      7590 -6.9420
      7950 -6.9420
      8310 -6.9420
       180 -7.2753
       540 -7.2753
       900 -7.2753
      1260 -7.2753
      1620 -7.2753
      1980 -7.2753
      2340 -7.2753
      2700 -7.2753
      3060 -7.2753
      3420 -7.2753
      3780 -7.2753
      4140 -7.2753
      4500 -7.2753
      4860 -7.2753
      5220 -7.2753
      5580 -7.2753
      5940 -7.2753
      6300 -7.2753
      6660 -7.2753
      7020 -7.2753
      7380 -7.2753
      7740 -7.2753
      8100 -7.2753
      8460 -7.2753
         1 -8.5136
       360 -8.5136
       720 -8.5136
      1080 -8.5136
      1440 -8.5136
      1800 -8.5136
      2160 -8.5136
      2520 -8.5136
      2880 -8.5136
      3240 -8.5136
      3600 -8.5136
      3960 -8.5136
      4320 -8.5136
      4680 -8.5136
      5040 -8.5136
      5400 -8.5136
      5760 -8.5136
      6120 -8.5136
      6480 -8.5136
      6840 -8.5136
      7200 -8.5136
      7560 -8.5136
      7920 -8.5136
      8280 -8.5136
       210 -8.9931
       570 -8.9931
       930 -8.9931
      1290 -8.9931
      1650 -8.9931
      2010 -8.9931
      2370 -8.9931
      2730 -8.9931
      3090 -8.9931
      3450 -8.9931
      3810 -8.9931
      4170 -8.9931
      4530 -8.9931
      4890 -8.9931
      5250 -8.9931
      5610 -8.9931
      5970 -8.9931
      6330 -8.9931
      6690 -8.9931
      7050 -8.9931
      7410 -8.9931
      7770 -8.9931
      8130 -8.9931
      8490 -8.9931
       330 -9.2687
       690 -9.2687
      1050 -9.2687
      1410 -9.2687
      1770 -9.2687
      2130 -9.2687
      2490 -9.2687
      2850 -9.2687
      3210 -9.2687
      3570 -9.2687
      3930 -9.2687
      4290 -9.2687
      4650 -9.2687
      5010 -9.2687
      5370 -9.2687
      5730 -9.2687
      6090 -9.2687
      6450 -9.2687
      6810 -9.2687
      7170 -9.2687
      7530 -9.2687
      7890 -9.2687
      8250 -9.2687
      8610 -9.2687
       240 -9.4911
       600 -9.4911
       960 -9.4911
      1320 -9.4911
      1680 -9.4911
      2040 -9.4911
      2400 -9.4911
      2760 -9.4911
      3120 -9.4911
      3480 -9.4911
      3840 -9.4911
      4200 -9.4911
      4560 -9.4911
      4920 -9.4911
      5280 -9.4911
      5640 -9.4911
      6000 -9.4911
      6360 -9.4911
      6720 -9.4911
      7080 -9.4911
      7440 -9.4911
      7800 -9.4911
      8160 -9.4911
      8520 -9.4911
       270 -10.1365
       300 -10.1365
       630 -10.1365
       660 -10.1365
       990 -10.1365
      1020 -10.1365
      1350 -10.1365
      1380 -10.1365
      1710 -10.1365
      1740 -10.1365
      2070 -10.1365
      2100 -10.1365
      2430 -10.1365
      2460 -10.1365
      2790 -10.1365
      2820 -10.1365
      3150 -10.1365
      3180 -10.1365
      3510 -10.1365
      3540 -10.1365
      3870 -10.1365
      3900 -10.1365
      4230 -10.1365
      4260 -10.1365
      4590 -10.1365
      4620 -10.1365
      4950 -10.1365
      4980 -10.1365
      5310 -10.1365
      5340 -10.1365
      5670 -10.1365
      5700 -10.1365
      6030 -10.1365
      6060 -10.1365
      6390 -10.1365
      6420 -10.1365
      6750 -10.1365
      6780 -10.1365
      7110 -10.1365
      7140 -10.1365
      7470 -10.1365
      7500 -10.1365
      7830 -10.1365
      7860 -10.1365
      8190 -10.1365
      8220 -10.1365
      8550 -10.1365
      8580 -10.1365
