# Well Pumping Time Series Data for Well 100794 : 100794
# Start Date 1991
# Transient Simulation
# Created on 04-Jun-2019 09:21:53
# Column-1: Time in days from start date
# Column-2: Pumping Volume in cubic meters
         0 0.0000
       120 -1.1155
       480 -1.1155
       840 -1.1155
      1200 -1.1155
      1560 -1.1155
      1920 -1.1155
      2280 -1.1155
      2640 -1.1155
      3000 -1.1155
      3360 -1.1155
      3720 -1.1155
      4080 -1.1155
      4440 -1.1155
      4800 -1.1155
      5160 -1.1155
      5520 -1.1155
      5880 -1.1155
      6240 -1.1155
      6600 -1.1155
      6960 -1.1155
      7320 -1.1155
      7680 -1.1155
      8040 -1.1155
      8400 -1.1155
        90 -1.1886
       450 -1.1886
       810 -1.1886
      1170 -1.1886
      1530 -1.1886
      1890 -1.1886
      2250 -1.1886
      2610 -1.1886
      2970 -1.1886
      3330 -1.1886
      3690 -1.1886
      4050 -1.1886
      4410 -1.1886
      4770 -1.1886
      5130 -1.1886
      5490 -1.1886
      5850 -1.1886
      6210 -1.1886
      6570 -1.1886
      6930 -1.1886
      7290 -1.1886
      7650 -1.1886
      8010 -1.1886
      8370 -1.1886
        60 -1.2067
       420 -1.2067
       780 -1.2067
      1140 -1.2067
      1500 -1.2067
      1860 -1.2067
      2220 -1.2067
      2580 -1.2067
      2940 -1.2067
      3300 -1.2067
      3660 -1.2067
      4020 -1.2067
      4380 -1.2067
      4740 -1.2067
      5100 -1.2067
      5460 -1.2067
      5820 -1.2067
      6180 -1.2067
      6540 -1.2067
      6900 -1.2067
      7260 -1.2067
      7620 -1.2067
      7980 -1.2067
      8340 -1.2067
       150 -1.2830
       510 -1.2830
       870 -1.2830
      1230 -1.2830
      1590 -1.2830
      1950 -1.2830
      2310 -1.2830
      2670 -1.2830
      3030 -1.2830
      3390 -1.2830
      3750 -1.2830
      4110 -1.2830
      4470 -1.2830
      4830 -1.2830
      5190 -1.2830
      5550 -1.2830
      5910 -1.2830
      6270 -1.2830
      6630 -1.2830
      6990 -1.2830
      7350 -1.2830
      7710 -1.2830
      8070 -1.2830
      8430 -1.2830
        30 -1.3428
       390 -1.3428
       750 -1.3428
      1110 -1.3428
      1470 -1.3428
      1830 -1.3428
      2190 -1.3428
      2550 -1.3428
      2910 -1.3428
      3270 -1.3428
      3630 -1.3428
      3990 -1.3428
      4350 -1.3428
      4710 -1.3428
      5070 -1.3428
      5430 -1.3428
      5790 -1.3428
      6150 -1.3428
      6510 -1.3428
      6870 -1.3428
      7230 -1.3428
      7590 -1.3428
      7950 -1.3428
      8310 -1.3428
       180 -1.4073
       540 -1.4073
       900 -1.4073
      1260 -1.4073
      1620 -1.4073
      1980 -1.4073
      2340 -1.4073
      2700 -1.4073
      3060 -1.4073
      3420 -1.4073
      3780 -1.4073
      4140 -1.4073
      4500 -1.4073
      4860 -1.4073
      5220 -1.4073
      5580 -1.4073
      5940 -1.4073
      6300 -1.4073
      6660 -1.4073
      7020 -1.4073
      7380 -1.4073
      7740 -1.4073
      8100 -1.4073
      8460 -1.4073
         1 -1.6468
       360 -1.6468
       720 -1.6468
      1080 -1.6468
      1440 -1.6468
      1800 -1.6468
      2160 -1.6468
      2520 -1.6468
      2880 -1.6468
      3240 -1.6468
      3600 -1.6468
      3960 -1.6468
      4320 -1.6468
      4680 -1.6468
      5040 -1.6468
      5400 -1.6468
      5760 -1.6468
      6120 -1.6468
      6480 -1.6468
      6840 -1.6468
      7200 -1.6468
      7560 -1.6468
      7920 -1.6468
      8280 -1.6468
       210 -1.7395
       570 -1.7395
       930 -1.7395
      1290 -1.7395
      1650 -1.7395
      2010 -1.7395
      2370 -1.7395
      2730 -1.7395
      3090 -1.7395
      3450 -1.7395
      3810 -1.7395
      4170 -1.7395
      4530 -1.7395
      4890 -1.7395
      5250 -1.7395
      5610 -1.7395
      5970 -1.7395
      6330 -1.7395
      6690 -1.7395
      7050 -1.7395
      7410 -1.7395
      7770 -1.7395
      8130 -1.7395
      8490 -1.7395
       330 -1.7929
       690 -1.7929
      1050 -1.7929
      1410 -1.7929
      1770 -1.7929
      2130 -1.7929
      2490 -1.7929
      2850 -1.7929
      3210 -1.7929
      3570 -1.7929
      3930 -1.7929
      4290 -1.7929
      4650 -1.7929
      5010 -1.7929
      5370 -1.7929
      5730 -1.7929
      6090 -1.7929
      6450 -1.7929
      6810 -1.7929
      7170 -1.7929
      7530 -1.7929
      7890 -1.7929
      8250 -1.7929
      8610 -1.7929
       240 -1.8359
       600 -1.8359
       960 -1.8359
      1320 -1.8359
      1680 -1.8359
      2040 -1.8359
      2400 -1.8359
      2760 -1.8359
      3120 -1.8359
      3480 -1.8359
      3840 -1.8359
      4200 -1.8359
      4560 -1.8359
      4920 -1.8359
      5280 -1.8359
      5640 -1.8359
      6000 -1.8359
      6360 -1.8359
      6720 -1.8359
      7080 -1.8359
      7440 -1.8359
      7800 -1.8359
      8160 -1.8359
      8520 -1.8359
       270 -1.9607
       300 -1.9607
       630 -1.9607
       660 -1.9607
       990 -1.9607
      1020 -1.9607
      1350 -1.9607
      1380 -1.9607
      1710 -1.9607
      1740 -1.9607
      2070 -1.9607
      2100 -1.9607
      2430 -1.9607
      2460 -1.9607
      2790 -1.9607
      2820 -1.9607
      3150 -1.9607
      3180 -1.9607
      3510 -1.9607
      3540 -1.9607
      3870 -1.9607
      3900 -1.9607
      4230 -1.9607
      4260 -1.9607
      4590 -1.9607
      4620 -1.9607
      4950 -1.9607
      4980 -1.9607
      5310 -1.9607
      5340 -1.9607
      5670 -1.9607
      5700 -1.9607
      6030 -1.9607
      6060 -1.9607
      6390 -1.9607
      6420 -1.9607
      6750 -1.9607
      6780 -1.9607
      7110 -1.9607
      7140 -1.9607
      7470 -1.9607
      7500 -1.9607
      7830 -1.9607
      7860 -1.9607
      8190 -1.9607
      8220 -1.9607
      8550 -1.9607
      8580 -1.9607
