# Well Pumping Time Series Data for Well 100892 : 100892
# Start Date 1991
# Transient Simulation
# Created on 04-Jun-2019 09:21:55
# Column-1: Time in days from start date
# Column-2: Pumping Volume in cubic meters
         0 0.0000
       120 -18.0376
       480 -18.0376
       840 -18.0376
      1200 -18.0376
      1560 -18.0376
      1920 -18.0376
      2280 -18.0376
      2640 -18.0376
      3000 -18.0376
      3360 -18.0376
      3720 -18.0376
      4080 -18.0376
      4440 -18.0376
      4800 -18.0376
      5160 -18.0376
      5520 -18.0376
      5880 -18.0376
      6240 -18.0376
      6600 -18.0376
      6960 -18.0376
      7320 -18.0376
      7680 -18.0376
      8040 -18.0376
      8400 -18.0376
        90 -19.2186
       450 -19.2186
       810 -19.2186
      1170 -19.2186
      1530 -19.2186
      1890 -19.2186
      2250 -19.2186
      2610 -19.2186
      2970 -19.2186
      3330 -19.2186
      3690 -19.2186
      4050 -19.2186
      4410 -19.2186
      4770 -19.2186
      5130 -19.2186
      5490 -19.2186
      5850 -19.2186
      6210 -19.2186
      6570 -19.2186
      6930 -19.2186
      7290 -19.2186
      7650 -19.2186
      8010 -19.2186
      8370 -19.2186
        60 -19.5126
       420 -19.5126
       780 -19.5126
      1140 -19.5126
      1500 -19.5126
      1860 -19.5126
      2220 -19.5126
      2580 -19.5126
      2940 -19.5126
      3300 -19.5126
      3660 -19.5126
      4020 -19.5126
      4380 -19.5126
      4740 -19.5126
      5100 -19.5126
      5460 -19.5126
      5820 -19.5126
      6180 -19.5126
      6540 -19.5126
      6900 -19.5126
      7260 -19.5126
      7620 -19.5126
      7980 -19.5126
      8340 -19.5126
       150 -20.7466
       510 -20.7466
       870 -20.7466
      1230 -20.7466
      1590 -20.7466
      1950 -20.7466
      2310 -20.7466
      2670 -20.7466
      3030 -20.7466
      3390 -20.7466
      3750 -20.7466
      4110 -20.7466
      4470 -20.7466
      4830 -20.7466
      5190 -20.7466
      5550 -20.7466
      5910 -20.7466
      6270 -20.7466
      6630 -20.7466
      6990 -20.7466
      7350 -20.7466
      7710 -20.7466
      8070 -20.7466
      8430 -20.7466
        30 -21.7128
       390 -21.7128
       750 -21.7128
      1110 -21.7128
      1470 -21.7128
      1830 -21.7128
      2190 -21.7128
      2550 -21.7128
      2910 -21.7128
      3270 -21.7128
      3630 -21.7128
      3990 -21.7128
      4350 -21.7128
      4710 -21.7128
      5070 -21.7128
      5430 -21.7128
      5790 -21.7128
      6150 -21.7128
      6510 -21.7128
      6870 -21.7128
      7230 -21.7128
      7590 -21.7128
      7950 -21.7128
      8310 -21.7128
       180 -22.7552
       540 -22.7552
       900 -22.7552
      1260 -22.7552
      1620 -22.7552
      1980 -22.7552
      2340 -22.7552
      2700 -22.7552
      3060 -22.7552
      3420 -22.7552
      3780 -22.7552
      4140 -22.7552
      4500 -22.7552
      4860 -22.7552
      5220 -22.7552
      5580 -22.7552
      5940 -22.7552
      6300 -22.7552
      6660 -22.7552
      7020 -22.7552
      7380 -22.7552
      7740 -22.7552
      8100 -22.7552
      8460 -22.7552
         1 -26.6283
       360 -26.6283
       720 -26.6283
      1080 -26.6283
      1440 -26.6283
      1800 -26.6283
      2160 -26.6283
      2520 -26.6283
      2880 -26.6283
      3240 -26.6283
      3600 -26.6283
      3960 -26.6283
      4320 -26.6283
      4680 -26.6283
      5040 -26.6283
      5400 -26.6283
      5760 -26.6283
      6120 -26.6283
      6480 -26.6283
      6840 -26.6283
      7200 -26.6283
      7560 -26.6283
      7920 -26.6283
      8280 -26.6283
       210 -28.1280
       570 -28.1280
       930 -28.1280
      1290 -28.1280
      1650 -28.1280
      2010 -28.1280
      2370 -28.1280
      2730 -28.1280
      3090 -28.1280
      3450 -28.1280
      3810 -28.1280
      4170 -28.1280
      4530 -28.1280
      4890 -28.1280
      5250 -28.1280
      5610 -28.1280
      5970 -28.1280
      6330 -28.1280
      6690 -28.1280
      7050 -28.1280
      7410 -28.1280
      7770 -28.1280
      8130 -28.1280
      8490 -28.1280
       330 -28.9901
       690 -28.9901
      1050 -28.9901
      1410 -28.9901
      1770 -28.9901
      2130 -28.9901
      2490 -28.9901
      2850 -28.9901
      3210 -28.9901
      3570 -28.9901
      3930 -28.9901
      4290 -28.9901
      4650 -28.9901
      5010 -28.9901
      5370 -28.9901
      5730 -28.9901
      6090 -28.9901
      6450 -28.9901
      6810 -28.9901
      7170 -28.9901
      7530 -28.9901
      7890 -28.9901
      8250 -28.9901
      8610 -28.9901
       240 -29.6857
       600 -29.6857
       960 -29.6857
      1320 -29.6857
      1680 -29.6857
      2040 -29.6857
      2400 -29.6857
      2760 -29.6857
      3120 -29.6857
      3480 -29.6857
      3840 -29.6857
      4200 -29.6857
      4560 -29.6857
      4920 -29.6857
      5280 -29.6857
      5640 -29.6857
      6000 -29.6857
      6360 -29.6857
      6720 -29.6857
      7080 -29.6857
      7440 -29.6857
      7800 -29.6857
      8160 -29.6857
      8520 -29.6857
       270 -31.7043
       300 -31.7043
       630 -31.7043
       660 -31.7043
       990 -31.7043
      1020 -31.7043
      1350 -31.7043
      1380 -31.7043
      1710 -31.7043
      1740 -31.7043
      2070 -31.7043
      2100 -31.7043
      2430 -31.7043
      2460 -31.7043
      2790 -31.7043
      2820 -31.7043
      3150 -31.7043
      3180 -31.7043
      3510 -31.7043
      3540 -31.7043
      3870 -31.7043
      3900 -31.7043
      4230 -31.7043
      4260 -31.7043
      4590 -31.7043
      4620 -31.7043
      4950 -31.7043
      4980 -31.7043
      5310 -31.7043
      5340 -31.7043
      5670 -31.7043
      5700 -31.7043
      6030 -31.7043
      6060 -31.7043
      6390 -31.7043
      6420 -31.7043
      6750 -31.7043
      6780 -31.7043
      7110 -31.7043
      7140 -31.7043
      7470 -31.7043
      7500 -31.7043
      7830 -31.7043
      7860 -31.7043
      8190 -31.7043
      8220 -31.7043
      8550 -31.7043
      8580 -31.7043
