# Well Pumping Time Series Data for Well 100932 : 100932
# Start Date 1991
# Transient Simulation
# Created on 04-Jun-2019 09:21:56
# Column-1: Time in days from start date
# Column-2: Pumping Volume in cubic meters
         0 0.0000
       120 -7.0298
       480 -7.0298
       840 -7.0298
      1200 -7.0298
      1560 -7.0298
      1920 -7.0298
      2280 -7.0298
      2640 -7.0298
      3000 -7.0298
      3360 -7.0298
      3720 -7.0298
      4080 -7.0298
      4440 -7.0298
      4800 -7.0298
      5160 -7.0298
      5520 -7.0298
      5880 -7.0298
      6240 -7.0298
      6600 -7.0298
      6960 -7.0298
      7320 -7.0298
      7680 -7.0298
      8040 -7.0298
      8400 -7.0298
        90 -7.4901
       450 -7.4901
       810 -7.4901
      1170 -7.4901
      1530 -7.4901
      1890 -7.4901
      2250 -7.4901
      2610 -7.4901
      2970 -7.4901
      3330 -7.4901
      3690 -7.4901
      4050 -7.4901
      4410 -7.4901
      4770 -7.4901
      5130 -7.4901
      5490 -7.4901
      5850 -7.4901
      6210 -7.4901
      6570 -7.4901
      6930 -7.4901
      7290 -7.4901
      7650 -7.4901
      8010 -7.4901
      8370 -7.4901
        60 -7.6047
       420 -7.6047
       780 -7.6047
      1140 -7.6047
      1500 -7.6047
      1860 -7.6047
      2220 -7.6047
      2580 -7.6047
      2940 -7.6047
      3300 -7.6047
      3660 -7.6047
      4020 -7.6047
      4380 -7.6047
      4740 -7.6047
      5100 -7.6047
      5460 -7.6047
      5820 -7.6047
      6180 -7.6047
      6540 -7.6047
      6900 -7.6047
      7260 -7.6047
      7620 -7.6047
      7980 -7.6047
      8340 -7.6047
       150 -8.0856
       510 -8.0856
       870 -8.0856
      1230 -8.0856
      1590 -8.0856
      1950 -8.0856
      2310 -8.0856
      2670 -8.0856
      3030 -8.0856
      3390 -8.0856
      3750 -8.0856
      4110 -8.0856
      4470 -8.0856
      4830 -8.0856
      5190 -8.0856
      5550 -8.0856
      5910 -8.0856
      6270 -8.0856
      6630 -8.0856
      6990 -8.0856
      7350 -8.0856
      7710 -8.0856
      8070 -8.0856
      8430 -8.0856
        30 -8.4622
       390 -8.4622
       750 -8.4622
      1110 -8.4622
      1470 -8.4622
      1830 -8.4622
      2190 -8.4622
      2550 -8.4622
      2910 -8.4622
      3270 -8.4622
      3630 -8.4622
      3990 -8.4622
      4350 -8.4622
      4710 -8.4622
      5070 -8.4622
      5430 -8.4622
      5790 -8.4622
      6150 -8.4622
      6510 -8.4622
      6870 -8.4622
      7230 -8.4622
      7590 -8.4622
      7950 -8.4622
      8310 -8.4622
       180 -8.8684
       540 -8.8684
       900 -8.8684
      1260 -8.8684
      1620 -8.8684
      1980 -8.8684
      2340 -8.8684
      2700 -8.8684
      3060 -8.8684
      3420 -8.8684
      3780 -8.8684
      4140 -8.8684
      4500 -8.8684
      4860 -8.8684
      5220 -8.8684
      5580 -8.8684
      5940 -8.8684
      6300 -8.8684
      6660 -8.8684
      7020 -8.8684
      7380 -8.8684
      7740 -8.8684
      8100 -8.8684
      8460 -8.8684
         1 -10.3779
       360 -10.3779
       720 -10.3779
      1080 -10.3779
      1440 -10.3779
      1800 -10.3779
      2160 -10.3779
      2520 -10.3779
      2880 -10.3779
      3240 -10.3779
      3600 -10.3779
      3960 -10.3779
      4320 -10.3779
      4680 -10.3779
      5040 -10.3779
      5400 -10.3779
      5760 -10.3779
      6120 -10.3779
      6480 -10.3779
      6840 -10.3779
      7200 -10.3779
      7560 -10.3779
      7920 -10.3779
      8280 -10.3779
       210 -10.9624
       570 -10.9624
       930 -10.9624
      1290 -10.9624
      1650 -10.9624
      2010 -10.9624
      2370 -10.9624
      2730 -10.9624
      3090 -10.9624
      3450 -10.9624
      3810 -10.9624
      4170 -10.9624
      4530 -10.9624
      4890 -10.9624
      5250 -10.9624
      5610 -10.9624
      5970 -10.9624
      6330 -10.9624
      6690 -10.9624
      7050 -10.9624
      7410 -10.9624
      7770 -10.9624
      8130 -10.9624
      8490 -10.9624
       330 -11.2983
       690 -11.2983
      1050 -11.2983
      1410 -11.2983
      1770 -11.2983
      2130 -11.2983
      2490 -11.2983
      2850 -11.2983
      3210 -11.2983
      3570 -11.2983
      3930 -11.2983
      4290 -11.2983
      4650 -11.2983
      5010 -11.2983
      5370 -11.2983
      5730 -11.2983
      6090 -11.2983
      6450 -11.2983
      6810 -11.2983
      7170 -11.2983
      7530 -11.2983
      7890 -11.2983
      8250 -11.2983
      8610 -11.2983
       240 -11.5694
       600 -11.5694
       960 -11.5694
      1320 -11.5694
      1680 -11.5694
      2040 -11.5694
      2400 -11.5694
      2760 -11.5694
      3120 -11.5694
      3480 -11.5694
      3840 -11.5694
      4200 -11.5694
      4560 -11.5694
      4920 -11.5694
      5280 -11.5694
      5640 -11.5694
      6000 -11.5694
      6360 -11.5694
      6720 -11.5694
      7080 -11.5694
      7440 -11.5694
      7800 -11.5694
      8160 -11.5694
      8520 -11.5694
       270 -12.3561
       300 -12.3561
       630 -12.3561
       660 -12.3561
       990 -12.3561
      1020 -12.3561
      1350 -12.3561
      1380 -12.3561
      1710 -12.3561
      1740 -12.3561
      2070 -12.3561
      2100 -12.3561
      2430 -12.3561
      2460 -12.3561
      2790 -12.3561
      2820 -12.3561
      3150 -12.3561
      3180 -12.3561
      3510 -12.3561
      3540 -12.3561
      3870 -12.3561
      3900 -12.3561
      4230 -12.3561
      4260 -12.3561
      4590 -12.3561
      4620 -12.3561
      4950 -12.3561
      4980 -12.3561
      5310 -12.3561
      5340 -12.3561
      5670 -12.3561
      5700 -12.3561
      6030 -12.3561
      6060 -12.3561
      6390 -12.3561
      6420 -12.3561
      6750 -12.3561
      6780 -12.3561
      7110 -12.3561
      7140 -12.3561
      7470 -12.3561
      7500 -12.3561
      7830 -12.3561
      7860 -12.3561
      8190 -12.3561
      8220 -12.3561
      8550 -12.3561
      8580 -12.3561
