# Well Pumping Time Series Data for Well DWR88785 : DWR88785
# Start Date 1991
# Transient Simulation
# Created on 04-Jun-2019 09:22:04
# Column-1: Time in days from start date
# Column-2: Pumping Volume in cubic meters
         0 0.0000
       120 -7.7665
       480 -7.7665
       840 -7.7665
      1200 -7.7665
      1560 -7.7665
      1920 -7.7665
      2280 -7.7665
      2640 -7.7665
      3000 -7.7665
      3360 -7.7665
      3720 -7.7665
      4080 -7.7665
      4440 -7.7665
      4800 -7.7665
      5160 -7.7665
      5520 -7.7665
      5880 -7.7665
      6240 -7.7665
      6600 -7.7665
      6960 -7.7665
      7320 -7.7665
      7680 -7.7665
      8040 -7.7665
      8400 -7.7665
        90 -8.2750
       450 -8.2750
       810 -8.2750
      1170 -8.2750
      1530 -8.2750
      1890 -8.2750
      2250 -8.2750
      2610 -8.2750
      2970 -8.2750
      3330 -8.2750
      3690 -8.2750
      4050 -8.2750
      4410 -8.2750
      4770 -8.2750
      5130 -8.2750
      5490 -8.2750
      5850 -8.2750
      6210 -8.2750
      6570 -8.2750
      6930 -8.2750
      7290 -8.2750
      7650 -8.2750
      8010 -8.2750
      8370 -8.2750
        60 -8.4016
       420 -8.4016
       780 -8.4016
      1140 -8.4016
      1500 -8.4016
      1860 -8.4016
      2220 -8.4016
      2580 -8.4016
      2940 -8.4016
      3300 -8.4016
      3660 -8.4016
      4020 -8.4016
      4380 -8.4016
      4740 -8.4016
      5100 -8.4016
      5460 -8.4016
      5820 -8.4016
      6180 -8.4016
      6540 -8.4016
      6900 -8.4016
      7260 -8.4016
      7620 -8.4016
      7980 -8.4016
      8340 -8.4016
       150 -8.9329
       510 -8.9329
       870 -8.9329
      1230 -8.9329
      1590 -8.9329
      1950 -8.9329
      2310 -8.9329
      2670 -8.9329
      3030 -8.9329
      3390 -8.9329
      3750 -8.9329
      4110 -8.9329
      4470 -8.9329
      4830 -8.9329
      5190 -8.9329
      5550 -8.9329
      5910 -8.9329
      6270 -8.9329
      6630 -8.9329
      6990 -8.9329
      7350 -8.9329
      7710 -8.9329
      8070 -8.9329
      8430 -8.9329
        30 -9.3489
       390 -9.3489
       750 -9.3489
      1110 -9.3489
      1470 -9.3489
      1830 -9.3489
      2190 -9.3489
      2550 -9.3489
      2910 -9.3489
      3270 -9.3489
      3630 -9.3489
      3990 -9.3489
      4350 -9.3489
      4710 -9.3489
      5070 -9.3489
      5430 -9.3489
      5790 -9.3489
      6150 -9.3489
      6510 -9.3489
      6870 -9.3489
      7230 -9.3489
      7590 -9.3489
      7950 -9.3489
      8310 -9.3489
       180 -9.7977
       540 -9.7977
       900 -9.7977
      1260 -9.7977
      1620 -9.7977
      1980 -9.7977
      2340 -9.7977
      2700 -9.7977
      3060 -9.7977
      3420 -9.7977
      3780 -9.7977
      4140 -9.7977
      4500 -9.7977
      4860 -9.7977
      5220 -9.7977
      5580 -9.7977
      5940 -9.7977
      6300 -9.7977
      6660 -9.7977
      7020 -9.7977
      7380 -9.7977
      7740 -9.7977
      8100 -9.7977
      8460 -9.7977
         1 -11.4654
       360 -11.4654
       720 -11.4654
      1080 -11.4654
      1440 -11.4654
      1800 -11.4654
      2160 -11.4654
      2520 -11.4654
      2880 -11.4654
      3240 -11.4654
      3600 -11.4654
      3960 -11.4654
      4320 -11.4654
      4680 -11.4654
      5040 -11.4654
      5400 -11.4654
      5760 -11.4654
      6120 -11.4654
      6480 -11.4654
      6840 -11.4654
      7200 -11.4654
      7560 -11.4654
      7920 -11.4654
      8280 -11.4654
       210 -12.1111
       570 -12.1111
       930 -12.1111
      1290 -12.1111
      1650 -12.1111
      2010 -12.1111
      2370 -12.1111
      2730 -12.1111
      3090 -12.1111
      3450 -12.1111
      3810 -12.1111
      4170 -12.1111
      4530 -12.1111
      4890 -12.1111
      5250 -12.1111
      5610 -12.1111
      5970 -12.1111
      6330 -12.1111
      6690 -12.1111
      7050 -12.1111
      7410 -12.1111
      7770 -12.1111
      8130 -12.1111
      8490 -12.1111
       330 -12.4823
       690 -12.4823
      1050 -12.4823
      1410 -12.4823
      1770 -12.4823
      2130 -12.4823
      2490 -12.4823
      2850 -12.4823
      3210 -12.4823
      3570 -12.4823
      3930 -12.4823
      4290 -12.4823
      4650 -12.4823
      5010 -12.4823
      5370 -12.4823
      5730 -12.4823
      6090 -12.4823
      6450 -12.4823
      6810 -12.4823
      7170 -12.4823
      7530 -12.4823
      7890 -12.4823
      8250 -12.4823
      8610 -12.4823
       240 -12.7818
       600 -12.7818
       960 -12.7818
      1320 -12.7818
      1680 -12.7818
      2040 -12.7818
      2400 -12.7818
      2760 -12.7818
      3120 -12.7818
      3480 -12.7818
      3840 -12.7818
      4200 -12.7818
      4560 -12.7818
      4920 -12.7818
      5280 -12.7818
      5640 -12.7818
      6000 -12.7818
      6360 -12.7818
      6720 -12.7818
      7080 -12.7818
      7440 -12.7818
      7800 -12.7818
      8160 -12.7818
      8520 -12.7818
       270 -13.6510
       300 -13.6510
       630 -13.6510
       660 -13.6510
       990 -13.6510
      1020 -13.6510
      1350 -13.6510
      1380 -13.6510
      1710 -13.6510
      1740 -13.6510
      2070 -13.6510
      2100 -13.6510
      2430 -13.6510
      2460 -13.6510
      2790 -13.6510
      2820 -13.6510
      3150 -13.6510
      3180 -13.6510
      3510 -13.6510
      3540 -13.6510
      3870 -13.6510
      3900 -13.6510
      4230 -13.6510
      4260 -13.6510
      4590 -13.6510
      4620 -13.6510
      4950 -13.6510
      4980 -13.6510
      5310 -13.6510
      5340 -13.6510
      5670 -13.6510
      5700 -13.6510
      6030 -13.6510
      6060 -13.6510
      6390 -13.6510
      6420 -13.6510
      6750 -13.6510
      6780 -13.6510
      7110 -13.6510
      7140 -13.6510
      7470 -13.6510
      7500 -13.6510
      7830 -13.6510
      7860 -13.6510
      8190 -13.6510
      8220 -13.6510
      8550 -13.6510
      8580 -13.6510
