# Well Pumping Time Series Data for Well 101109 : 101109
# Start Date 1991
# Transient Simulation
# Created on 04-Jun-2019 09:21:59
# Column-1: Time in days from start date
# Column-2: Pumping Volume in cubic meters
         0 0.0000
       120 -126.8526
       480 -126.8526
       840 -126.8526
      1200 -126.8526
      1560 -126.8526
      1920 -126.8526
      2280 -126.8526
      2640 -126.8526
      3000 -126.8526
      3360 -126.8526
      3720 -126.8526
      4080 -126.8526
      4440 -126.8526
      4800 -126.8526
      5160 -126.8526
      5520 -126.8526
      5880 -126.8526
      6240 -126.8526
      6600 -126.8526
      6960 -126.8526
      7320 -126.8526
      7680 -126.8526
      8040 -126.8526
      8400 -126.8526
        90 -135.1583
       450 -135.1583
       810 -135.1583
      1170 -135.1583
      1530 -135.1583
      1890 -135.1583
      2250 -135.1583
      2610 -135.1583
      2970 -135.1583
      3330 -135.1583
      3690 -135.1583
      4050 -135.1583
      4410 -135.1583
      4770 -135.1583
      5130 -135.1583
      5490 -135.1583
      5850 -135.1583
      6210 -135.1583
      6570 -135.1583
      6930 -135.1583
      7290 -135.1583
      7650 -135.1583
      8010 -135.1583
      8370 -135.1583
        60 -137.2261
       420 -137.2261
       780 -137.2261
      1140 -137.2261
      1500 -137.2261
      1860 -137.2261
      2220 -137.2261
      2580 -137.2261
      2940 -137.2261
      3300 -137.2261
      3660 -137.2261
      4020 -137.2261
      4380 -137.2261
      4740 -137.2261
      5100 -137.2261
      5460 -137.2261
      5820 -137.2261
      6180 -137.2261
      6540 -137.2261
      6900 -137.2261
      7260 -137.2261
      7620 -137.2261
      7980 -137.2261
      8340 -137.2261
       150 -145.9043
       510 -145.9043
       870 -145.9043
      1230 -145.9043
      1590 -145.9043
      1950 -145.9043
      2310 -145.9043
      2670 -145.9043
      3030 -145.9043
      3390 -145.9043
      3750 -145.9043
      4110 -145.9043
      4470 -145.9043
      4830 -145.9043
      5190 -145.9043
      5550 -145.9043
      5910 -145.9043
      6270 -145.9043
      6630 -145.9043
      6990 -145.9043
      7350 -145.9043
      7710 -145.9043
      8070 -145.9043
      8430 -145.9043
        30 -152.6991
       390 -152.6991
       750 -152.6991
      1110 -152.6991
      1470 -152.6991
      1830 -152.6991
      2190 -152.6991
      2550 -152.6991
      2910 -152.6991
      3270 -152.6991
      3630 -152.6991
      3990 -152.6991
      4350 -152.6991
      4710 -152.6991
      5070 -152.6991
      5430 -152.6991
      5790 -152.6991
      6150 -152.6991
      6510 -152.6991
      6870 -152.6991
      7230 -152.6991
      7590 -152.6991
      7950 -152.6991
      8310 -152.6991
       180 -160.0296
       540 -160.0296
       900 -160.0296
      1260 -160.0296
      1620 -160.0296
      1980 -160.0296
      2340 -160.0296
      2700 -160.0296
      3060 -160.0296
      3420 -160.0296
      3780 -160.0296
      4140 -160.0296
      4500 -160.0296
      4860 -160.0296
      5220 -160.0296
      5580 -160.0296
      5940 -160.0296
      6300 -160.0296
      6660 -160.0296
      7020 -160.0296
      7380 -160.0296
      7740 -160.0296
      8100 -160.0296
      8460 -160.0296
         1 -187.2680
       360 -187.2680
       720 -187.2680
      1080 -187.2680
      1440 -187.2680
      1800 -187.2680
      2160 -187.2680
      2520 -187.2680
      2880 -187.2680
      3240 -187.2680
      3600 -187.2680
      3960 -187.2680
      4320 -187.2680
      4680 -187.2680
      5040 -187.2680
      5400 -187.2680
      5760 -187.2680
      6120 -187.2680
      6480 -187.2680
      6840 -187.2680
      7200 -187.2680
      7560 -187.2680
      7920 -187.2680
      8280 -187.2680
       210 -197.8152
       570 -197.8152
       930 -197.8152
      1290 -197.8152
      1650 -197.8152
      2010 -197.8152
      2370 -197.8152
      2730 -197.8152
      3090 -197.8152
      3450 -197.8152
      3810 -197.8152
      4170 -197.8152
      4530 -197.8152
      4890 -197.8152
      5250 -197.8152
      5610 -197.8152
      5970 -197.8152
      6330 -197.8152
      6690 -197.8152
      7050 -197.8152
      7410 -197.8152
      7770 -197.8152
      8130 -197.8152
      8490 -197.8152
       330 -203.8776
       690 -203.8776
      1050 -203.8776
      1410 -203.8776
      1770 -203.8776
      2130 -203.8776
      2490 -203.8776
      2850 -203.8776
      3210 -203.8776
      3570 -203.8776
      3930 -203.8776
      4290 -203.8776
      4650 -203.8776
      5010 -203.8776
      5370 -203.8776
      5730 -203.8776
      6090 -203.8776
      6450 -203.8776
      6810 -203.8776
      7170 -203.8776
      7530 -203.8776
      7890 -203.8776
      8250 -203.8776
      8610 -203.8776
       240 -208.7696
       600 -208.7696
       960 -208.7696
      1320 -208.7696
      1680 -208.7696
      2040 -208.7696
      2400 -208.7696
      2760 -208.7696
      3120 -208.7696
      3480 -208.7696
      3840 -208.7696
      4200 -208.7696
      4560 -208.7696
      4920 -208.7696
      5280 -208.7696
      5640 -208.7696
      6000 -208.7696
      6360 -208.7696
      6720 -208.7696
      7080 -208.7696
      7440 -208.7696
      7800 -208.7696
      8160 -208.7696
      8520 -208.7696
       270 -222.9656
       300 -222.9656
       630 -222.9656
       660 -222.9656
       990 -222.9656
      1020 -222.9656
      1350 -222.9656
      1380 -222.9656
      1710 -222.9656
      1740 -222.9656
      2070 -222.9656
      2100 -222.9656
      2430 -222.9656
      2460 -222.9656
      2790 -222.9656
      2820 -222.9656
      3150 -222.9656
      3180 -222.9656
      3510 -222.9656
      3540 -222.9656
      3870 -222.9656
      3900 -222.9656
      4230 -222.9656
      4260 -222.9656
      4590 -222.9656
      4620 -222.9656
      4950 -222.9656
      4980 -222.9656
      5310 -222.9656
      5340 -222.9656
      5670 -222.9656
      5700 -222.9656
      6030 -222.9656
      6060 -222.9656
      6390 -222.9656
      6420 -222.9656
      6750 -222.9656
      6780 -222.9656
      7110 -222.9656
      7140 -222.9656
      7470 -222.9656
      7500 -222.9656
      7830 -222.9656
      7860 -222.9656
      8190 -222.9656
      8220 -222.9656
      8550 -222.9656
      8580 -222.9656
