# Well Pumping Time Series Data for Well 100513 : 100513
# Start Date 1991
# Transient Simulation
# Created on 04-Jun-2019 09:21:48
# Column-1: Time in days from start date
# Column-2: Pumping Volume in cubic meters
         0 0.0000
       120 -12.5232
       480 -12.5232
       840 -12.5232
      1200 -12.5232
      1560 -12.5232
      1920 -12.5232
      2280 -12.5232
      2640 -12.5232
      3000 -12.5232
      3360 -12.5232
      3720 -12.5232
      4080 -12.5232
      4440 -12.5232
      4800 -12.5232
      5160 -12.5232
      5520 -12.5232
      5880 -12.5232
      6240 -12.5232
      6600 -12.5232
      6960 -12.5232
      7320 -12.5232
      7680 -12.5232
      8040 -12.5232
      8400 -12.5232
        90 -13.3432
       450 -13.3432
       810 -13.3432
      1170 -13.3432
      1530 -13.3432
      1890 -13.3432
      2250 -13.3432
      2610 -13.3432
      2970 -13.3432
      3330 -13.3432
      3690 -13.3432
      4050 -13.3432
      4410 -13.3432
      4770 -13.3432
      5130 -13.3432
      5490 -13.3432
      5850 -13.3432
      6210 -13.3432
      6570 -13.3432
      6930 -13.3432
      7290 -13.3432
      7650 -13.3432
      8010 -13.3432
      8370 -13.3432
        60 -13.5473
       420 -13.5473
       780 -13.5473
      1140 -13.5473
      1500 -13.5473
      1860 -13.5473
      2220 -13.5473
      2580 -13.5473
      2940 -13.5473
      3300 -13.5473
      3660 -13.5473
      4020 -13.5473
      4380 -13.5473
      4740 -13.5473
      5100 -13.5473
      5460 -13.5473
      5820 -13.5473
      6180 -13.5473
      6540 -13.5473
      6900 -13.5473
      7260 -13.5473
      7620 -13.5473
      7980 -13.5473
      8340 -13.5473
       150 -14.4040
       510 -14.4040
       870 -14.4040
      1230 -14.4040
      1590 -14.4040
      1950 -14.4040
      2310 -14.4040
      2670 -14.4040
      3030 -14.4040
      3390 -14.4040
      3750 -14.4040
      4110 -14.4040
      4470 -14.4040
      4830 -14.4040
      5190 -14.4040
      5550 -14.4040
      5910 -14.4040
      6270 -14.4040
      6630 -14.4040
      6990 -14.4040
      7350 -14.4040
      7710 -14.4040
      8070 -14.4040
      8430 -14.4040
        30 -15.0748
       390 -15.0748
       750 -15.0748
      1110 -15.0748
      1470 -15.0748
      1830 -15.0748
      2190 -15.0748
      2550 -15.0748
      2910 -15.0748
      3270 -15.0748
      3630 -15.0748
      3990 -15.0748
      4350 -15.0748
      4710 -15.0748
      5070 -15.0748
      5430 -15.0748
      5790 -15.0748
      6150 -15.0748
      6510 -15.0748
      6870 -15.0748
      7230 -15.0748
      7590 -15.0748
      7950 -15.0748
      8310 -15.0748
       180 -15.7985
       540 -15.7985
       900 -15.7985
      1260 -15.7985
      1620 -15.7985
      1980 -15.7985
      2340 -15.7985
      2700 -15.7985
      3060 -15.7985
      3420 -15.7985
      3780 -15.7985
      4140 -15.7985
      4500 -15.7985
      4860 -15.7985
      5220 -15.7985
      5580 -15.7985
      5940 -15.7985
      6300 -15.7985
      6660 -15.7985
      7020 -15.7985
      7380 -15.7985
      7740 -15.7985
      8100 -15.7985
      8460 -15.7985
         1 -18.4875
       360 -18.4875
       720 -18.4875
      1080 -18.4875
      1440 -18.4875
      1800 -18.4875
      2160 -18.4875
      2520 -18.4875
      2880 -18.4875
      3240 -18.4875
      3600 -18.4875
      3960 -18.4875
      4320 -18.4875
      4680 -18.4875
      5040 -18.4875
      5400 -18.4875
      5760 -18.4875
      6120 -18.4875
      6480 -18.4875
      6840 -18.4875
      7200 -18.4875
      7560 -18.4875
      7920 -18.4875
      8280 -18.4875
       210 -19.5288
       570 -19.5288
       930 -19.5288
      1290 -19.5288
      1650 -19.5288
      2010 -19.5288
      2370 -19.5288
      2730 -19.5288
      3090 -19.5288
      3450 -19.5288
      3810 -19.5288
      4170 -19.5288
      4530 -19.5288
      4890 -19.5288
      5250 -19.5288
      5610 -19.5288
      5970 -19.5288
      6330 -19.5288
      6690 -19.5288
      7050 -19.5288
      7410 -19.5288
      7770 -19.5288
      8130 -19.5288
      8490 -19.5288
       330 -20.1273
       690 -20.1273
      1050 -20.1273
      1410 -20.1273
      1770 -20.1273
      2130 -20.1273
      2490 -20.1273
      2850 -20.1273
      3210 -20.1273
      3570 -20.1273
      3930 -20.1273
      4290 -20.1273
      4650 -20.1273
      5010 -20.1273
      5370 -20.1273
      5730 -20.1273
      6090 -20.1273
      6450 -20.1273
      6810 -20.1273
      7170 -20.1273
      7530 -20.1273
      7890 -20.1273
      8250 -20.1273
      8610 -20.1273
       240 -20.6102
       600 -20.6102
       960 -20.6102
      1320 -20.6102
      1680 -20.6102
      2040 -20.6102
      2400 -20.6102
      2760 -20.6102
      3120 -20.6102
      3480 -20.6102
      3840 -20.6102
      4200 -20.6102
      4560 -20.6102
      4920 -20.6102
      5280 -20.6102
      5640 -20.6102
      6000 -20.6102
      6360 -20.6102
      6720 -20.6102
      7080 -20.6102
      7440 -20.6102
      7800 -20.6102
      8160 -20.6102
      8520 -20.6102
       270 -22.0117
       300 -22.0117
       630 -22.0117
       660 -22.0117
       990 -22.0117
      1020 -22.0117
      1350 -22.0117
      1380 -22.0117
      1710 -22.0117
      1740 -22.0117
      2070 -22.0117
      2100 -22.0117
      2430 -22.0117
      2460 -22.0117
      2790 -22.0117
      2820 -22.0117
      3150 -22.0117
      3180 -22.0117
      3510 -22.0117
      3540 -22.0117
      3870 -22.0117
      3900 -22.0117
      4230 -22.0117
      4260 -22.0117
      4590 -22.0117
      4620 -22.0117
      4950 -22.0117
      4980 -22.0117
      5310 -22.0117
      5340 -22.0117
      5670 -22.0117
      5700 -22.0117
      6030 -22.0117
      6060 -22.0117
      6390 -22.0117
      6420 -22.0117
      6750 -22.0117
      6780 -22.0117
      7110 -22.0117
      7140 -22.0117
      7470 -22.0117
      7500 -22.0117
      7830 -22.0117
      7860 -22.0117
      8190 -22.0117
      8220 -22.0117
      8550 -22.0117
      8580 -22.0117
