# Well Pumping Time Series Data for Well 100925 : 100925
# Start Date 1991
# Transient Simulation
# Created on 04-Jun-2019 09:21:56
# Column-1: Time in days from start date
# Column-2: Pumping Volume in cubic meters
         0 0.0000
       120 -2.8624
       480 -2.8624
       840 -2.8624
      1200 -2.8624
      1560 -2.8624
      1920 -2.8624
      2280 -2.8624
      2640 -2.8624
      3000 -2.8624
      3360 -2.8624
      3720 -2.8624
      4080 -2.8624
      4440 -2.8624
      4800 -2.8624
      5160 -2.8624
      5520 -2.8624
      5880 -2.8624
      6240 -2.8624
      6600 -2.8624
      6960 -2.8624
      7320 -2.8624
      7680 -2.8624
      8040 -2.8624
      8400 -2.8624
        90 -3.0499
       450 -3.0499
       810 -3.0499
      1170 -3.0499
      1530 -3.0499
      1890 -3.0499
      2250 -3.0499
      2610 -3.0499
      2970 -3.0499
      3330 -3.0499
      3690 -3.0499
      4050 -3.0499
      4410 -3.0499
      4770 -3.0499
      5130 -3.0499
      5490 -3.0499
      5850 -3.0499
      6210 -3.0499
      6570 -3.0499
      6930 -3.0499
      7290 -3.0499
      7650 -3.0499
      8010 -3.0499
      8370 -3.0499
        60 -3.0965
       420 -3.0965
       780 -3.0965
      1140 -3.0965
      1500 -3.0965
      1860 -3.0965
      2220 -3.0965
      2580 -3.0965
      2940 -3.0965
      3300 -3.0965
      3660 -3.0965
      4020 -3.0965
      4380 -3.0965
      4740 -3.0965
      5100 -3.0965
      5460 -3.0965
      5820 -3.0965
      6180 -3.0965
      6540 -3.0965
      6900 -3.0965
      7260 -3.0965
      7620 -3.0965
      7980 -3.0965
      8340 -3.0965
       150 -3.2923
       510 -3.2923
       870 -3.2923
      1230 -3.2923
      1590 -3.2923
      1950 -3.2923
      2310 -3.2923
      2670 -3.2923
      3030 -3.2923
      3390 -3.2923
      3750 -3.2923
      4110 -3.2923
      4470 -3.2923
      4830 -3.2923
      5190 -3.2923
      5550 -3.2923
      5910 -3.2923
      6270 -3.2923
      6630 -3.2923
      6990 -3.2923
      7350 -3.2923
      7710 -3.2923
      8070 -3.2923
      8430 -3.2923
        30 -3.4457
       390 -3.4457
       750 -3.4457
      1110 -3.4457
      1470 -3.4457
      1830 -3.4457
      2190 -3.4457
      2550 -3.4457
      2910 -3.4457
      3270 -3.4457
      3630 -3.4457
      3990 -3.4457
      4350 -3.4457
      4710 -3.4457
      5070 -3.4457
      5430 -3.4457
      5790 -3.4457
      6150 -3.4457
      6510 -3.4457
      6870 -3.4457
      7230 -3.4457
      7590 -3.4457
      7950 -3.4457
      8310 -3.4457
       180 -3.6111
       540 -3.6111
       900 -3.6111
      1260 -3.6111
      1620 -3.6111
      1980 -3.6111
      2340 -3.6111
      2700 -3.6111
      3060 -3.6111
      3420 -3.6111
      3780 -3.6111
      4140 -3.6111
      4500 -3.6111
      4860 -3.6111
      5220 -3.6111
      5580 -3.6111
      5940 -3.6111
      6300 -3.6111
      6660 -3.6111
      7020 -3.6111
      7380 -3.6111
      7740 -3.6111
      8100 -3.6111
      8460 -3.6111
         1 -4.2257
       360 -4.2257
       720 -4.2257
      1080 -4.2257
      1440 -4.2257
      1800 -4.2257
      2160 -4.2257
      2520 -4.2257
      2880 -4.2257
      3240 -4.2257
      3600 -4.2257
      3960 -4.2257
      4320 -4.2257
      4680 -4.2257
      5040 -4.2257
      5400 -4.2257
      5760 -4.2257
      6120 -4.2257
      6480 -4.2257
      6840 -4.2257
      7200 -4.2257
      7560 -4.2257
      7920 -4.2257
      8280 -4.2257
       210 -4.4637
       570 -4.4637
       930 -4.4637
      1290 -4.4637
      1650 -4.4637
      2010 -4.4637
      2370 -4.4637
      2730 -4.4637
      3090 -4.4637
      3450 -4.4637
      3810 -4.4637
      4170 -4.4637
      4530 -4.4637
      4890 -4.4637
      5250 -4.4637
      5610 -4.4637
      5970 -4.4637
      6330 -4.4637
      6690 -4.4637
      7050 -4.4637
      7410 -4.4637
      7770 -4.4637
      8130 -4.4637
      8490 -4.4637
       330 -4.6005
       690 -4.6005
      1050 -4.6005
      1410 -4.6005
      1770 -4.6005
      2130 -4.6005
      2490 -4.6005
      2850 -4.6005
      3210 -4.6005
      3570 -4.6005
      3930 -4.6005
      4290 -4.6005
      4650 -4.6005
      5010 -4.6005
      5370 -4.6005
      5730 -4.6005
      6090 -4.6005
      6450 -4.6005
      6810 -4.6005
      7170 -4.6005
      7530 -4.6005
      7890 -4.6005
      8250 -4.6005
      8610 -4.6005
       240 -4.7109
       600 -4.7109
       960 -4.7109
      1320 -4.7109
      1680 -4.7109
      2040 -4.7109
      2400 -4.7109
      2760 -4.7109
      3120 -4.7109
      3480 -4.7109
      3840 -4.7109
      4200 -4.7109
      4560 -4.7109
      4920 -4.7109
      5280 -4.7109
      5640 -4.7109
      6000 -4.7109
      6360 -4.7109
      6720 -4.7109
      7080 -4.7109
      7440 -4.7109
      7800 -4.7109
      8160 -4.7109
      8520 -4.7109
       270 -5.0312
       300 -5.0312
       630 -5.0312
       660 -5.0312
       990 -5.0312
      1020 -5.0312
      1350 -5.0312
      1380 -5.0312
      1710 -5.0312
      1740 -5.0312
      2070 -5.0312
      2100 -5.0312
      2430 -5.0312
      2460 -5.0312
      2790 -5.0312
      2820 -5.0312
      3150 -5.0312
      3180 -5.0312
      3510 -5.0312
      3540 -5.0312
      3870 -5.0312
      3900 -5.0312
      4230 -5.0312
      4260 -5.0312
      4590 -5.0312
      4620 -5.0312
      4950 -5.0312
      4980 -5.0312
      5310 -5.0312
      5340 -5.0312
      5670 -5.0312
      5700 -5.0312
      6030 -5.0312
      6060 -5.0312
      6390 -5.0312
      6420 -5.0312
      6750 -5.0312
      6780 -5.0312
      7110 -5.0312
      7140 -5.0312
      7470 -5.0312
      7500 -5.0312
      7830 -5.0312
      7860 -5.0312
      8190 -5.0312
      8220 -5.0312
      8550 -5.0312
      8580 -5.0312
