# Well Pumping Time Series Data for Well 101113 : 101113
# Start Date 1991
# Transient Simulation
# Created on 04-Jun-2019 09:21:59
# Column-1: Time in days from start date
# Column-2: Pumping Volume in cubic meters
         0 0.0000
       120 -5.9775
       480 -5.9775
       840 -5.9775
      1200 -5.9775
      1560 -5.9775
      1920 -5.9775
      2280 -5.9775
      2640 -5.9775
      3000 -5.9775
      3360 -5.9775
      3720 -5.9775
      4080 -5.9775
      4440 -5.9775
      4800 -5.9775
      5160 -5.9775
      5520 -5.9775
      5880 -5.9775
      6240 -5.9775
      6600 -5.9775
      6960 -5.9775
      7320 -5.9775
      7680 -5.9775
      8040 -5.9775
      8400 -5.9775
        90 -6.3688
       450 -6.3688
       810 -6.3688
      1170 -6.3688
      1530 -6.3688
      1890 -6.3688
      2250 -6.3688
      2610 -6.3688
      2970 -6.3688
      3330 -6.3688
      3690 -6.3688
      4050 -6.3688
      4410 -6.3688
      4770 -6.3688
      5130 -6.3688
      5490 -6.3688
      5850 -6.3688
      6210 -6.3688
      6570 -6.3688
      6930 -6.3688
      7290 -6.3688
      7650 -6.3688
      8010 -6.3688
      8370 -6.3688
        60 -6.4663
       420 -6.4663
       780 -6.4663
      1140 -6.4663
      1500 -6.4663
      1860 -6.4663
      2220 -6.4663
      2580 -6.4663
      2940 -6.4663
      3300 -6.4663
      3660 -6.4663
      4020 -6.4663
      4380 -6.4663
      4740 -6.4663
      5100 -6.4663
      5460 -6.4663
      5820 -6.4663
      6180 -6.4663
      6540 -6.4663
      6900 -6.4663
      7260 -6.4663
      7620 -6.4663
      7980 -6.4663
      8340 -6.4663
       150 -6.8752
       510 -6.8752
       870 -6.8752
      1230 -6.8752
      1590 -6.8752
      1950 -6.8752
      2310 -6.8752
      2670 -6.8752
      3030 -6.8752
      3390 -6.8752
      3750 -6.8752
      4110 -6.8752
      4470 -6.8752
      4830 -6.8752
      5190 -6.8752
      5550 -6.8752
      5910 -6.8752
      6270 -6.8752
      6630 -6.8752
      6990 -6.8752
      7350 -6.8752
      7710 -6.8752
      8070 -6.8752
      8430 -6.8752
        30 -7.1954
       390 -7.1954
       750 -7.1954
      1110 -7.1954
      1470 -7.1954
      1830 -7.1954
      2190 -7.1954
      2550 -7.1954
      2910 -7.1954
      3270 -7.1954
      3630 -7.1954
      3990 -7.1954
      4350 -7.1954
      4710 -7.1954
      5070 -7.1954
      5430 -7.1954
      5790 -7.1954
      6150 -7.1954
      6510 -7.1954
      6870 -7.1954
      7230 -7.1954
      7590 -7.1954
      7950 -7.1954
      8310 -7.1954
       180 -7.5408
       540 -7.5408
       900 -7.5408
      1260 -7.5408
      1620 -7.5408
      1980 -7.5408
      2340 -7.5408
      2700 -7.5408
      3060 -7.5408
      3420 -7.5408
      3780 -7.5408
      4140 -7.5408
      4500 -7.5408
      4860 -7.5408
      5220 -7.5408
      5580 -7.5408
      5940 -7.5408
      6300 -7.5408
      6660 -7.5408
      7020 -7.5408
      7380 -7.5408
      7740 -7.5408
      8100 -7.5408
      8460 -7.5408
         1 -8.8243
       360 -8.8243
       720 -8.8243
      1080 -8.8243
      1440 -8.8243
      1800 -8.8243
      2160 -8.8243
      2520 -8.8243
      2880 -8.8243
      3240 -8.8243
      3600 -8.8243
      3960 -8.8243
      4320 -8.8243
      4680 -8.8243
      5040 -8.8243
      5400 -8.8243
      5760 -8.8243
      6120 -8.8243
      6480 -8.8243
      6840 -8.8243
      7200 -8.8243
      7560 -8.8243
      7920 -8.8243
      8280 -8.8243
       210 -9.3213
       570 -9.3213
       930 -9.3213
      1290 -9.3213
      1650 -9.3213
      2010 -9.3213
      2370 -9.3213
      2730 -9.3213
      3090 -9.3213
      3450 -9.3213
      3810 -9.3213
      4170 -9.3213
      4530 -9.3213
      4890 -9.3213
      5250 -9.3213
      5610 -9.3213
      5970 -9.3213
      6330 -9.3213
      6690 -9.3213
      7050 -9.3213
      7410 -9.3213
      7770 -9.3213
      8130 -9.3213
      8490 -9.3213
       330 -9.6070
       690 -9.6070
      1050 -9.6070
      1410 -9.6070
      1770 -9.6070
      2130 -9.6070
      2490 -9.6070
      2850 -9.6070
      3210 -9.6070
      3570 -9.6070
      3930 -9.6070
      4290 -9.6070
      4650 -9.6070
      5010 -9.6070
      5370 -9.6070
      5730 -9.6070
      6090 -9.6070
      6450 -9.6070
      6810 -9.6070
      7170 -9.6070
      7530 -9.6070
      7890 -9.6070
      8250 -9.6070
      8610 -9.6070
       240 -9.8375
       600 -9.8375
       960 -9.8375
      1320 -9.8375
      1680 -9.8375
      2040 -9.8375
      2400 -9.8375
      2760 -9.8375
      3120 -9.8375
      3480 -9.8375
      3840 -9.8375
      4200 -9.8375
      4560 -9.8375
      4920 -9.8375
      5280 -9.8375
      5640 -9.8375
      6000 -9.8375
      6360 -9.8375
      6720 -9.8375
      7080 -9.8375
      7440 -9.8375
      7800 -9.8375
      8160 -9.8375
      8520 -9.8375
       270 -10.5064
       300 -10.5064
       630 -10.5064
       660 -10.5064
       990 -10.5064
      1020 -10.5064
      1350 -10.5064
      1380 -10.5064
      1710 -10.5064
      1740 -10.5064
      2070 -10.5064
      2100 -10.5064
      2430 -10.5064
      2460 -10.5064
      2790 -10.5064
      2820 -10.5064
      3150 -10.5064
      3180 -10.5064
      3510 -10.5064
      3540 -10.5064
      3870 -10.5064
      3900 -10.5064
      4230 -10.5064
      4260 -10.5064
      4590 -10.5064
      4620 -10.5064
      4950 -10.5064
      4980 -10.5064
      5310 -10.5064
      5340 -10.5064
      5670 -10.5064
      5700 -10.5064
      6030 -10.5064
      6060 -10.5064
      6390 -10.5064
      6420 -10.5064
      6750 -10.5064
      6780 -10.5064
      7110 -10.5064
      7140 -10.5064
      7470 -10.5064
      7500 -10.5064
      7830 -10.5064
      7860 -10.5064
      8190 -10.5064
      8220 -10.5064
      8550 -10.5064
      8580 -10.5064
