# Well Pumping Time Series Data for Well 101001 : 101001
# Start Date 1991
# Transient Simulation
# Created on 04-Jun-2019 09:21:57
# Column-1: Time in days from start date
# Column-2: Pumping Volume in cubic meters
         0 0.0000
       120 -33.3812
       480 -33.3812
       840 -33.3812
      1200 -33.3812
      1560 -33.3812
      1920 -33.3812
      2280 -33.3812
      2640 -33.3812
      3000 -33.3812
      3360 -33.3812
      3720 -33.3812
      4080 -33.3812
      4440 -33.3812
      4800 -33.3812
      5160 -33.3812
      5520 -33.3812
      5880 -33.3812
      6240 -33.3812
      6600 -33.3812
      6960 -33.3812
      7320 -33.3812
      7680 -33.3812
      8040 -33.3812
      8400 -33.3812
        90 -35.5668
       450 -35.5668
       810 -35.5668
      1170 -35.5668
      1530 -35.5668
      1890 -35.5668
      2250 -35.5668
      2610 -35.5668
      2970 -35.5668
      3330 -35.5668
      3690 -35.5668
      4050 -35.5668
      4410 -35.5668
      4770 -35.5668
      5130 -35.5668
      5490 -35.5668
      5850 -35.5668
      6210 -35.5668
      6570 -35.5668
      6930 -35.5668
      7290 -35.5668
      7650 -35.5668
      8010 -35.5668
      8370 -35.5668
        60 -36.1109
       420 -36.1109
       780 -36.1109
      1140 -36.1109
      1500 -36.1109
      1860 -36.1109
      2220 -36.1109
      2580 -36.1109
      2940 -36.1109
      3300 -36.1109
      3660 -36.1109
      4020 -36.1109
      4380 -36.1109
      4740 -36.1109
      5100 -36.1109
      5460 -36.1109
      5820 -36.1109
      6180 -36.1109
      6540 -36.1109
      6900 -36.1109
      7260 -36.1109
      7620 -36.1109
      7980 -36.1109
      8340 -36.1109
       150 -38.3946
       510 -38.3946
       870 -38.3946
      1230 -38.3946
      1590 -38.3946
      1950 -38.3946
      2310 -38.3946
      2670 -38.3946
      3030 -38.3946
      3390 -38.3946
      3750 -38.3946
      4110 -38.3946
      4470 -38.3946
      4830 -38.3946
      5190 -38.3946
      5550 -38.3946
      5910 -38.3946
      6270 -38.3946
      6630 -38.3946
      6990 -38.3946
      7350 -38.3946
      7710 -38.3946
      8070 -38.3946
      8430 -38.3946
        30 -40.1827
       390 -40.1827
       750 -40.1827
      1110 -40.1827
      1470 -40.1827
      1830 -40.1827
      2190 -40.1827
      2550 -40.1827
      2910 -40.1827
      3270 -40.1827
      3630 -40.1827
      3990 -40.1827
      4350 -40.1827
      4710 -40.1827
      5070 -40.1827
      5430 -40.1827
      5790 -40.1827
      6150 -40.1827
      6510 -40.1827
      6870 -40.1827
      7230 -40.1827
      7590 -40.1827
      7950 -40.1827
      8310 -40.1827
       180 -42.1117
       540 -42.1117
       900 -42.1117
      1260 -42.1117
      1620 -42.1117
      1980 -42.1117
      2340 -42.1117
      2700 -42.1117
      3060 -42.1117
      3420 -42.1117
      3780 -42.1117
      4140 -42.1117
      4500 -42.1117
      4860 -42.1117
      5220 -42.1117
      5580 -42.1117
      5940 -42.1117
      6300 -42.1117
      6660 -42.1117
      7020 -42.1117
      7380 -42.1117
      7740 -42.1117
      8100 -42.1117
      8460 -42.1117
         1 -49.2794
       360 -49.2794
       720 -49.2794
      1080 -49.2794
      1440 -49.2794
      1800 -49.2794
      2160 -49.2794
      2520 -49.2794
      2880 -49.2794
      3240 -49.2794
      3600 -49.2794
      3960 -49.2794
      4320 -49.2794
      4680 -49.2794
      5040 -49.2794
      5400 -49.2794
      5760 -49.2794
      6120 -49.2794
      6480 -49.2794
      6840 -49.2794
      7200 -49.2794
      7560 -49.2794
      7920 -49.2794
      8280 -49.2794
       210 -52.0549
       570 -52.0549
       930 -52.0549
      1290 -52.0549
      1650 -52.0549
      2010 -52.0549
      2370 -52.0549
      2730 -52.0549
      3090 -52.0549
      3450 -52.0549
      3810 -52.0549
      4170 -52.0549
      4530 -52.0549
      4890 -52.0549
      5250 -52.0549
      5610 -52.0549
      5970 -52.0549
      6330 -52.0549
      6690 -52.0549
      7050 -52.0549
      7410 -52.0549
      7770 -52.0549
      8130 -52.0549
      8490 -52.0549
       330 -53.6502
       690 -53.6502
      1050 -53.6502
      1410 -53.6502
      1770 -53.6502
      2130 -53.6502
      2490 -53.6502
      2850 -53.6502
      3210 -53.6502
      3570 -53.6502
      3930 -53.6502
      4290 -53.6502
      4650 -53.6502
      5010 -53.6502
      5370 -53.6502
      5730 -53.6502
      6090 -53.6502
      6450 -53.6502
      6810 -53.6502
      7170 -53.6502
      7530 -53.6502
      7890 -53.6502
      8250 -53.6502
      8610 -53.6502
       240 -54.9375
       600 -54.9375
       960 -54.9375
      1320 -54.9375
      1680 -54.9375
      2040 -54.9375
      2400 -54.9375
      2760 -54.9375
      3120 -54.9375
      3480 -54.9375
      3840 -54.9375
      4200 -54.9375
      4560 -54.9375
      4920 -54.9375
      5280 -54.9375
      5640 -54.9375
      6000 -54.9375
      6360 -54.9375
      6720 -54.9375
      7080 -54.9375
      7440 -54.9375
      7800 -54.9375
      8160 -54.9375
      8520 -54.9375
       270 -58.6732
       300 -58.6732
       630 -58.6732
       660 -58.6732
       990 -58.6732
      1020 -58.6732
      1350 -58.6732
      1380 -58.6732
      1710 -58.6732
      1740 -58.6732
      2070 -58.6732
      2100 -58.6732
      2430 -58.6732
      2460 -58.6732
      2790 -58.6732
      2820 -58.6732
      3150 -58.6732
      3180 -58.6732
      3510 -58.6732
      3540 -58.6732
      3870 -58.6732
      3900 -58.6732
      4230 -58.6732
      4260 -58.6732
      4590 -58.6732
      4620 -58.6732
      4950 -58.6732
      4980 -58.6732
      5310 -58.6732
      5340 -58.6732
      5670 -58.6732
      5700 -58.6732
      6030 -58.6732
      6060 -58.6732
      6390 -58.6732
      6420 -58.6732
      6750 -58.6732
      6780 -58.6732
      7110 -58.6732
      7140 -58.6732
      7470 -58.6732
      7500 -58.6732
      7830 -58.6732
      7860 -58.6732
      8190 -58.6732
      8220 -58.6732
      8550 -58.6732
      8580 -58.6732
