# Well Pumping Time Series Data for Well 100904 : 100904
# Start Date 1991
# Transient Simulation
# Created on 04-Jun-2019 09:21:55
# Column-1: Time in days from start date
# Column-2: Pumping Volume in cubic meters
         0 0.0000
       120 -25.5305
       480 -25.5305
       840 -25.5305
      1200 -25.5305
      1560 -25.5305
      1920 -25.5305
      2280 -25.5305
      2640 -25.5305
      3000 -25.5305
      3360 -25.5305
      3720 -25.5305
      4080 -25.5305
      4440 -25.5305
      4800 -25.5305
      5160 -25.5305
      5520 -25.5305
      5880 -25.5305
      6240 -25.5305
      6600 -25.5305
      6960 -25.5305
      7320 -25.5305
      7680 -25.5305
      8040 -25.5305
      8400 -25.5305
        90 -27.2021
       450 -27.2021
       810 -27.2021
      1170 -27.2021
      1530 -27.2021
      1890 -27.2021
      2250 -27.2021
      2610 -27.2021
      2970 -27.2021
      3330 -27.2021
      3690 -27.2021
      4050 -27.2021
      4410 -27.2021
      4770 -27.2021
      5130 -27.2021
      5490 -27.2021
      5850 -27.2021
      6210 -27.2021
      6570 -27.2021
      6930 -27.2021
      7290 -27.2021
      7650 -27.2021
      8010 -27.2021
      8370 -27.2021
        60 -27.6183
       420 -27.6183
       780 -27.6183
      1140 -27.6183
      1500 -27.6183
      1860 -27.6183
      2220 -27.6183
      2580 -27.6183
      2940 -27.6183
      3300 -27.6183
      3660 -27.6183
      4020 -27.6183
      4380 -27.6183
      4740 -27.6183
      5100 -27.6183
      5460 -27.6183
      5820 -27.6183
      6180 -27.6183
      6540 -27.6183
      6900 -27.6183
      7260 -27.6183
      7620 -27.6183
      7980 -27.6183
      8340 -27.6183
       150 -29.3648
       510 -29.3648
       870 -29.3648
      1230 -29.3648
      1590 -29.3648
      1950 -29.3648
      2310 -29.3648
      2670 -29.3648
      3030 -29.3648
      3390 -29.3648
      3750 -29.3648
      4110 -29.3648
      4470 -29.3648
      4830 -29.3648
      5190 -29.3648
      5550 -29.3648
      5910 -29.3648
      6270 -29.3648
      6630 -29.3648
      6990 -29.3648
      7350 -29.3648
      7710 -29.3648
      8070 -29.3648
      8430 -29.3648
        30 -30.7324
       390 -30.7324
       750 -30.7324
      1110 -30.7324
      1470 -30.7324
      1830 -30.7324
      2190 -30.7324
      2550 -30.7324
      2910 -30.7324
      3270 -30.7324
      3630 -30.7324
      3990 -30.7324
      4350 -30.7324
      4710 -30.7324
      5070 -30.7324
      5430 -30.7324
      5790 -30.7324
      6150 -30.7324
      6510 -30.7324
      6870 -30.7324
      7230 -30.7324
      7590 -30.7324
      7950 -30.7324
      8310 -30.7324
       180 -32.2077
       540 -32.2077
       900 -32.2077
      1260 -32.2077
      1620 -32.2077
      1980 -32.2077
      2340 -32.2077
      2700 -32.2077
      3060 -32.2077
      3420 -32.2077
      3780 -32.2077
      4140 -32.2077
      4500 -32.2077
      4860 -32.2077
      5220 -32.2077
      5580 -32.2077
      5940 -32.2077
      6300 -32.2077
      6660 -32.2077
      7020 -32.2077
      7380 -32.2077
      7740 -32.2077
      8100 -32.2077
      8460 -32.2077
         1 -37.6897
       360 -37.6897
       720 -37.6897
      1080 -37.6897
      1440 -37.6897
      1800 -37.6897
      2160 -37.6897
      2520 -37.6897
      2880 -37.6897
      3240 -37.6897
      3600 -37.6897
      3960 -37.6897
      4320 -37.6897
      4680 -37.6897
      5040 -37.6897
      5400 -37.6897
      5760 -37.6897
      6120 -37.6897
      6480 -37.6897
      6840 -37.6897
      7200 -37.6897
      7560 -37.6897
      7920 -37.6897
      8280 -37.6897
       210 -39.8125
       570 -39.8125
       930 -39.8125
      1290 -39.8125
      1650 -39.8125
      2010 -39.8125
      2370 -39.8125
      2730 -39.8125
      3090 -39.8125
      3450 -39.8125
      3810 -39.8125
      4170 -39.8125
      4530 -39.8125
      4890 -39.8125
      5250 -39.8125
      5610 -39.8125
      5970 -39.8125
      6330 -39.8125
      6690 -39.8125
      7050 -39.8125
      7410 -39.8125
      7770 -39.8125
      8130 -39.8125
      8490 -39.8125
       330 -41.0326
       690 -41.0326
      1050 -41.0326
      1410 -41.0326
      1770 -41.0326
      2130 -41.0326
      2490 -41.0326
      2850 -41.0326
      3210 -41.0326
      3570 -41.0326
      3930 -41.0326
      4290 -41.0326
      4650 -41.0326
      5010 -41.0326
      5370 -41.0326
      5730 -41.0326
      6090 -41.0326
      6450 -41.0326
      6810 -41.0326
      7170 -41.0326
      7530 -41.0326
      7890 -41.0326
      8250 -41.0326
      8610 -41.0326
       240 -42.0172
       600 -42.0172
       960 -42.0172
      1320 -42.0172
      1680 -42.0172
      2040 -42.0172
      2400 -42.0172
      2760 -42.0172
      3120 -42.0172
      3480 -42.0172
      3840 -42.0172
      4200 -42.0172
      4560 -42.0172
      4920 -42.0172
      5280 -42.0172
      5640 -42.0172
      6000 -42.0172
      6360 -42.0172
      6720 -42.0172
      7080 -42.0172
      7440 -42.0172
      7800 -42.0172
      8160 -42.0172
      8520 -42.0172
       270 -44.8743
       300 -44.8743
       630 -44.8743
       660 -44.8743
       990 -44.8743
      1020 -44.8743
      1350 -44.8743
      1380 -44.8743
      1710 -44.8743
      1740 -44.8743
      2070 -44.8743
      2100 -44.8743
      2430 -44.8743
      2460 -44.8743
      2790 -44.8743
      2820 -44.8743
      3150 -44.8743
      3180 -44.8743
      3510 -44.8743
      3540 -44.8743
      3870 -44.8743
      3900 -44.8743
      4230 -44.8743
      4260 -44.8743
      4590 -44.8743
      4620 -44.8743
      4950 -44.8743
      4980 -44.8743
      5310 -44.8743
      5340 -44.8743
      5670 -44.8743
      5700 -44.8743
      6030 -44.8743
      6060 -44.8743
      6390 -44.8743
      6420 -44.8743
      6750 -44.8743
      6780 -44.8743
      7110 -44.8743
      7140 -44.8743
      7470 -44.8743
      7500 -44.8743
      7830 -44.8743
      7860 -44.8743
      8190 -44.8743
      8220 -44.8743
      8550 -44.8743
      8580 -44.8743
