# Well Pumping Time Series Data for Well DWR150068 : DWR150068
# Start Date 1991
# Transient Simulation
# Created on 04-Jun-2019 09:22:02
# Column-1: Time in days from start date
# Column-2: Pumping Volume in cubic meters
         0 0.0000
       300 -0.3733
       660 -0.3733
      1020 -0.3733
      1380 -0.3733
      1740 -0.3733
      2100 -0.3733
      2460 -0.3733
      2820 -0.3733
      3180 -0.3733
      3540 -0.3733
      3900 -0.3733
      4260 -0.3733
      4620 -0.3733
      4980 -0.3733
      5340 -0.3733
      5700 -0.3733
      6060 -0.3733
      6420 -0.3733
      6870 -0.3733
      7230 -0.3733
      7590 -0.3733
      7950 -0.3733
      8310 -0.3733
      8400 -0.3733
       240 -1.7722
       600 -1.7722
       960 -1.7722
      1320 -1.7722
      1680 -1.7722
      2040 -1.7722
      2400 -1.7722
      2760 -1.7722
      3120 -1.7722
      3480 -1.7722
      3840 -1.7722
      4200 -1.7722
      4560 -1.7722
      4920 -1.7722
      5280 -1.7722
      5640 -1.7722
      6000 -1.7722
      6360 -1.7722
      6810 -1.7722
      7170 -1.7722
      7530 -1.7722
      7890 -1.7722
      8250 -1.7722
       330 -1.9190
       690 -1.9190
      1050 -1.9190
      1410 -1.9190
      1770 -1.9190
      2130 -1.9190
      2490 -1.9190
      2850 -1.9190
      3210 -1.9190
      3570 -1.9190
      3930 -1.9190
      4290 -1.9190
      4650 -1.9190
      5010 -1.9190
      5370 -1.9190
      5730 -1.9190
      6090 -1.9190
      6450 -1.9190
      6900 -1.9190
      7260 -1.9190
      7620 -1.9190
      7980 -1.9190
      8340 -1.9190
      8430 -1.9190
       270 -2.9938
       630 -2.9938
       990 -2.9938
      1350 -2.9938
      1710 -2.9938
      2070 -2.9938
      2430 -2.9938
      2790 -2.9938
      3150 -2.9938
      3510 -2.9938
      3870 -2.9938
      4230 -2.9938
      4590 -2.9938
      4950 -2.9938
      5310 -2.9938
      5670 -2.9938
      6030 -2.9938
      6390 -2.9938
      6840 -2.9938
      7200 -2.9938
      7560 -2.9938
      7920 -2.9938
      8280 -2.9938
      8370 -2.9938
       210 -4.2560
       570 -4.2560
       930 -4.2560
      1290 -4.2560
      1650 -4.2560
      2010 -4.2560
      2370 -4.2560
      2730 -4.2560
      3090 -4.2560
      3450 -4.2560
      3810 -4.2560
      4170 -4.2560
      4530 -4.2560
      4890 -4.2560
      5250 -4.2560
      5610 -4.2560
      5970 -4.2560
      6330 -4.2560
      6780 -4.2560
      7140 -4.2560
      7500 -4.2560
      7860 -4.2560
      8220 -4.2560
         1 -8.9291
       360 -8.9291
       720 -8.9291
      1080 -8.9291
      1440 -8.9291
      1800 -8.9291
      2160 -8.9291
      2520 -8.9291
      2880 -8.9291
      3240 -8.9291
      3600 -8.9291
      3960 -8.9291
      4320 -8.9291
      4680 -8.9291
      5040 -8.9291
      5400 -8.9291
      5760 -8.9291
      6120 -8.9291
      6480 -8.9291
      6930 -8.9291
      7290 -8.9291
      7650 -8.9291
      8010 -8.9291
      8460 -8.9291
       180 -12.3846
       540 -12.3846
       900 -12.3846
      1260 -12.3846
      1620 -12.3846
      1980 -12.3846
      2340 -12.3846
      2700 -12.3846
      3060 -12.3846
      3420 -12.3846
      3780 -12.3846
      4140 -12.3846
      4500 -12.3846
      4860 -12.3846
      5220 -12.3846
      5580 -12.3846
      5940 -12.3846
      6300 -12.3846
      6750 -12.3846
      7110 -12.3846
      7470 -12.3846
      7830 -12.3846
      8190 -12.3846
        30 -12.8026
       390 -12.8026
       750 -12.8026
      1110 -12.8026
      1470 -12.8026
      1830 -12.8026
      2190 -12.8026
      2550 -12.8026
      2910 -12.8026
      3270 -12.8026
      3630 -12.8026
      3990 -12.8026
      4350 -12.8026
      4710 -12.8026
      5070 -12.8026
      5430 -12.8026
      5790 -12.8026
      6150 -12.8026
      6510 -12.8026
      6960 -12.8026
      7320 -12.8026
      7680 -12.8026
      8040 -12.8026
      8490 -12.8026
       150 -15.2672
       510 -15.2672
       870 -15.2672
      1230 -15.2672
      1590 -15.2672
      1950 -15.2672
      2310 -15.2672
      2670 -15.2672
      3030 -15.2672
      3390 -15.2672
      3750 -15.2672
      4110 -15.2672
      4470 -15.2672
      4830 -15.2672
      5190 -15.2672
      5550 -15.2672
      5910 -15.2672
      6270 -15.2672
      6630 -15.2672
      7080 -15.2672
      7440 -15.2672
      7800 -15.2672
      8160 -15.2672
      8610 -15.2672
        60 -17.1868
       420 -17.1868
       780 -17.1868
      1140 -17.1868
      1500 -17.1868
      1860 -17.1868
      2220 -17.1868
      2580 -17.1868
      2940 -17.1868
      3300 -17.1868
      3660 -17.1868
      4020 -17.1868
      4380 -17.1868
      4740 -17.1868
      5100 -17.1868
      5460 -17.1868
      5820 -17.1868
      6180 -17.1868
      6540 -17.1868
      6990 -17.1868
      7350 -17.1868
      7710 -17.1868
      8070 -17.1868
      8520 -17.1868
        90 -18.4995
       450 -18.4995
       810 -18.4995
      1170 -18.4995
      1530 -18.4995
      1890 -18.4995
      2250 -18.4995
      2610 -18.4995
      2970 -18.4995
      3330 -18.4995
      3690 -18.4995
      4050 -18.4995
      4410 -18.4995
      4770 -18.4995
      5130 -18.4995
      5490 -18.4995
      5850 -18.4995
      6210 -18.4995
      6570 -18.4995
      7020 -18.4995
      7380 -18.4995
      7740 -18.4995
      8100 -18.4995
      8550 -18.4995
       120 -19.0696
       480 -19.0696
       840 -19.0696
      1200 -19.0696
      1560 -19.0696
      1920 -19.0696
      2280 -19.0696
      2640 -19.0696
      3000 -19.0696
      3360 -19.0696
      3720 -19.0696
      4080 -19.0696
      4440 -19.0696
      4800 -19.0696
      5160 -19.0696
      5520 -19.0696
      5880 -19.0696
      6240 -19.0696
      6600 -19.0696
      7050 -19.0696
      7410 -19.0696
      7770 -19.0696
      8130 -19.0696
      8580 -19.0696
