# Well Pumping Time Series Data for Well 100607 : 100607
# Start Date 1991
# Transient Simulation
# Created on 04-Jun-2019 09:21:50
# Column-1: Time in days from start date
# Column-2: Pumping Volume in cubic meters
         0 0.0000
       120 -2.5467
       480 -2.5467
       840 -2.5467
      1200 -2.5467
      1560 -2.5467
      1920 -2.5467
      2280 -2.5467
      2640 -2.5467
      3000 -2.5467
      3360 -2.5467
      3720 -2.5467
      4080 -2.5467
      4440 -2.5467
      4800 -2.5467
      5160 -2.5467
      5520 -2.5467
      5880 -2.5467
      6240 -2.5467
      6600 -2.5467
      6960 -2.5467
      7320 -2.5467
      7680 -2.5467
      8040 -2.5467
      8400 -2.5467
        90 -2.7135
       450 -2.7135
       810 -2.7135
      1170 -2.7135
      1530 -2.7135
      1890 -2.7135
      2250 -2.7135
      2610 -2.7135
      2970 -2.7135
      3330 -2.7135
      3690 -2.7135
      4050 -2.7135
      4410 -2.7135
      4770 -2.7135
      5130 -2.7135
      5490 -2.7135
      5850 -2.7135
      6210 -2.7135
      6570 -2.7135
      6930 -2.7135
      7290 -2.7135
      7650 -2.7135
      8010 -2.7135
      8370 -2.7135
        60 -2.7550
       420 -2.7550
       780 -2.7550
      1140 -2.7550
      1500 -2.7550
      1860 -2.7550
      2220 -2.7550
      2580 -2.7550
      2940 -2.7550
      3300 -2.7550
      3660 -2.7550
      4020 -2.7550
      4380 -2.7550
      4740 -2.7550
      5100 -2.7550
      5460 -2.7550
      5820 -2.7550
      6180 -2.7550
      6540 -2.7550
      6900 -2.7550
      7260 -2.7550
      7620 -2.7550
      7980 -2.7550
      8340 -2.7550
       150 -2.9292
       510 -2.9292
       870 -2.9292
      1230 -2.9292
      1590 -2.9292
      1950 -2.9292
      2310 -2.9292
      2670 -2.9292
      3030 -2.9292
      3390 -2.9292
      3750 -2.9292
      4110 -2.9292
      4470 -2.9292
      4830 -2.9292
      5190 -2.9292
      5550 -2.9292
      5910 -2.9292
      6270 -2.9292
      6630 -2.9292
      6990 -2.9292
      7350 -2.9292
      7710 -2.9292
      8070 -2.9292
      8430 -2.9292
        30 -3.0656
       390 -3.0656
       750 -3.0656
      1110 -3.0656
      1470 -3.0656
      1830 -3.0656
      2190 -3.0656
      2550 -3.0656
      2910 -3.0656
      3270 -3.0656
      3630 -3.0656
      3990 -3.0656
      4350 -3.0656
      4710 -3.0656
      5070 -3.0656
      5430 -3.0656
      5790 -3.0656
      6150 -3.0656
      6510 -3.0656
      6870 -3.0656
      7230 -3.0656
      7590 -3.0656
      7950 -3.0656
      8310 -3.0656
       180 -3.2128
       540 -3.2128
       900 -3.2128
      1260 -3.2128
      1620 -3.2128
      1980 -3.2128
      2340 -3.2128
      2700 -3.2128
      3060 -3.2128
      3420 -3.2128
      3780 -3.2128
      4140 -3.2128
      4500 -3.2128
      4860 -3.2128
      5220 -3.2128
      5580 -3.2128
      5940 -3.2128
      6300 -3.2128
      6660 -3.2128
      7020 -3.2128
      7380 -3.2128
      7740 -3.2128
      8100 -3.2128
      8460 -3.2128
         1 -3.7597
       360 -3.7597
       720 -3.7597
      1080 -3.7597
      1440 -3.7597
      1800 -3.7597
      2160 -3.7597
      2520 -3.7597
      2880 -3.7597
      3240 -3.7597
      3600 -3.7597
      3960 -3.7597
      4320 -3.7597
      4680 -3.7597
      5040 -3.7597
      5400 -3.7597
      5760 -3.7597
      6120 -3.7597
      6480 -3.7597
      6840 -3.7597
      7200 -3.7597
      7560 -3.7597
      7920 -3.7597
      8280 -3.7597
       210 -3.9714
       570 -3.9714
       930 -3.9714
      1290 -3.9714
      1650 -3.9714
      2010 -3.9714
      2370 -3.9714
      2730 -3.9714
      3090 -3.9714
      3450 -3.9714
      3810 -3.9714
      4170 -3.9714
      4530 -3.9714
      4890 -3.9714
      5250 -3.9714
      5610 -3.9714
      5970 -3.9714
      6330 -3.9714
      6690 -3.9714
      7050 -3.9714
      7410 -3.9714
      7770 -3.9714
      8130 -3.9714
      8490 -3.9714
       330 -4.0931
       690 -4.0931
      1050 -4.0931
      1410 -4.0931
      1770 -4.0931
      2130 -4.0931
      2490 -4.0931
      2850 -4.0931
      3210 -4.0931
      3570 -4.0931
      3930 -4.0931
      4290 -4.0931
      4650 -4.0931
      5010 -4.0931
      5370 -4.0931
      5730 -4.0931
      6090 -4.0931
      6450 -4.0931
      6810 -4.0931
      7170 -4.0931
      7530 -4.0931
      7890 -4.0931
      8250 -4.0931
      8610 -4.0931
       240 -4.1913
       600 -4.1913
       960 -4.1913
      1320 -4.1913
      1680 -4.1913
      2040 -4.1913
      2400 -4.1913
      2760 -4.1913
      3120 -4.1913
      3480 -4.1913
      3840 -4.1913
      4200 -4.1913
      4560 -4.1913
      4920 -4.1913
      5280 -4.1913
      5640 -4.1913
      6000 -4.1913
      6360 -4.1913
      6720 -4.1913
      7080 -4.1913
      7440 -4.1913
      7800 -4.1913
      8160 -4.1913
      8520 -4.1913
       270 -4.4763
       300 -4.4763
       630 -4.4763
       660 -4.4763
       990 -4.4763
      1020 -4.4763
      1350 -4.4763
      1380 -4.4763
      1710 -4.4763
      1740 -4.4763
      2070 -4.4763
      2100 -4.4763
      2430 -4.4763
      2460 -4.4763
      2790 -4.4763
      2820 -4.4763
      3150 -4.4763
      3180 -4.4763
      3510 -4.4763
      3540 -4.4763
      3870 -4.4763
      3900 -4.4763
      4230 -4.4763
      4260 -4.4763
      4590 -4.4763
      4620 -4.4763
      4950 -4.4763
      4980 -4.4763
      5310 -4.4763
      5340 -4.4763
      5670 -4.4763
      5700 -4.4763
      6030 -4.4763
      6060 -4.4763
      6390 -4.4763
      6420 -4.4763
      6750 -4.4763
      6780 -4.4763
      7110 -4.4763
      7140 -4.4763
      7470 -4.4763
      7500 -4.4763
      7830 -4.4763
      7860 -4.4763
      8190 -4.4763
      8220 -4.4763
      8550 -4.4763
      8580 -4.4763
