# Well Pumping Time Series Data for Well 100916 : 100916
# Start Date 1991
# Transient Simulation
# Created on 04-Jun-2019 09:21:55
# Column-1: Time in days from start date
# Column-2: Pumping Volume in cubic meters
         0 0.0000
       120 -6.5668
       480 -6.5668
       840 -6.5668
      1200 -6.5668
      1560 -6.5668
      1920 -6.5668
      2280 -6.5668
      2640 -6.5668
      3000 -6.5668
      3360 -6.5668
      3720 -6.5668
      4080 -6.5668
      4440 -6.5668
      4800 -6.5668
      5160 -6.5668
      5520 -6.5668
      5880 -6.5668
      6240 -6.5668
      6600 -6.5668
      6960 -6.5668
      7320 -6.5668
      7680 -6.5668
      8040 -6.5668
      8400 -6.5668
        90 -6.9967
       450 -6.9967
       810 -6.9967
      1170 -6.9967
      1530 -6.9967
      1890 -6.9967
      2250 -6.9967
      2610 -6.9967
      2970 -6.9967
      3330 -6.9967
      3690 -6.9967
      4050 -6.9967
      4410 -6.9967
      4770 -6.9967
      5130 -6.9967
      5490 -6.9967
      5850 -6.9967
      6210 -6.9967
      6570 -6.9967
      6930 -6.9967
      7290 -6.9967
      7650 -6.9967
      8010 -6.9967
      8370 -6.9967
        60 -7.1038
       420 -7.1038
       780 -7.1038
      1140 -7.1038
      1500 -7.1038
      1860 -7.1038
      2220 -7.1038
      2580 -7.1038
      2940 -7.1038
      3300 -7.1038
      3660 -7.1038
      4020 -7.1038
      4380 -7.1038
      4740 -7.1038
      5100 -7.1038
      5460 -7.1038
      5820 -7.1038
      6180 -7.1038
      6540 -7.1038
      6900 -7.1038
      7260 -7.1038
      7620 -7.1038
      7980 -7.1038
      8340 -7.1038
       150 -7.5530
       510 -7.5530
       870 -7.5530
      1230 -7.5530
      1590 -7.5530
      1950 -7.5530
      2310 -7.5530
      2670 -7.5530
      3030 -7.5530
      3390 -7.5530
      3750 -7.5530
      4110 -7.5530
      4470 -7.5530
      4830 -7.5530
      5190 -7.5530
      5550 -7.5530
      5910 -7.5530
      6270 -7.5530
      6630 -7.5530
      6990 -7.5530
      7350 -7.5530
      7710 -7.5530
      8070 -7.5530
      8430 -7.5530
        30 -7.9048
       390 -7.9048
       750 -7.9048
      1110 -7.9048
      1470 -7.9048
      1830 -7.9048
      2190 -7.9048
      2550 -7.9048
      2910 -7.9048
      3270 -7.9048
      3630 -7.9048
      3990 -7.9048
      4350 -7.9048
      4710 -7.9048
      5070 -7.9048
      5430 -7.9048
      5790 -7.9048
      6150 -7.9048
      6510 -7.9048
      6870 -7.9048
      7230 -7.9048
      7590 -7.9048
      7950 -7.9048
      8310 -7.9048
       180 -8.2843
       540 -8.2843
       900 -8.2843
      1260 -8.2843
      1620 -8.2843
      1980 -8.2843
      2340 -8.2843
      2700 -8.2843
      3060 -8.2843
      3420 -8.2843
      3780 -8.2843
      4140 -8.2843
      4500 -8.2843
      4860 -8.2843
      5220 -8.2843
      5580 -8.2843
      5940 -8.2843
      6300 -8.2843
      6660 -8.2843
      7020 -8.2843
      7380 -8.2843
      7740 -8.2843
      8100 -8.2843
      8460 -8.2843
         1 -9.6943
       360 -9.6943
       720 -9.6943
      1080 -9.6943
      1440 -9.6943
      1800 -9.6943
      2160 -9.6943
      2520 -9.6943
      2880 -9.6943
      3240 -9.6943
      3600 -9.6943
      3960 -9.6943
      4320 -9.6943
      4680 -9.6943
      5040 -9.6943
      5400 -9.6943
      5760 -9.6943
      6120 -9.6943
      6480 -9.6943
      6840 -9.6943
      7200 -9.6943
      7560 -9.6943
      7920 -9.6943
      8280 -9.6943
       210 -10.2403
       570 -10.2403
       930 -10.2403
      1290 -10.2403
      1650 -10.2403
      2010 -10.2403
      2370 -10.2403
      2730 -10.2403
      3090 -10.2403
      3450 -10.2403
      3810 -10.2403
      4170 -10.2403
      4530 -10.2403
      4890 -10.2403
      5250 -10.2403
      5610 -10.2403
      5970 -10.2403
      6330 -10.2403
      6690 -10.2403
      7050 -10.2403
      7410 -10.2403
      7770 -10.2403
      8130 -10.2403
      8490 -10.2403
       330 -10.5541
       690 -10.5541
      1050 -10.5541
      1410 -10.5541
      1770 -10.5541
      2130 -10.5541
      2490 -10.5541
      2850 -10.5541
      3210 -10.5541
      3570 -10.5541
      3930 -10.5541
      4290 -10.5541
      4650 -10.5541
      5010 -10.5541
      5370 -10.5541
      5730 -10.5541
      6090 -10.5541
      6450 -10.5541
      6810 -10.5541
      7170 -10.5541
      7530 -10.5541
      7890 -10.5541
      8250 -10.5541
      8610 -10.5541
       240 -10.8074
       600 -10.8074
       960 -10.8074
      1320 -10.8074
      1680 -10.8074
      2040 -10.8074
      2400 -10.8074
      2760 -10.8074
      3120 -10.8074
      3480 -10.8074
      3840 -10.8074
      4200 -10.8074
      4560 -10.8074
      4920 -10.8074
      5280 -10.8074
      5640 -10.8074
      6000 -10.8074
      6360 -10.8074
      6720 -10.8074
      7080 -10.8074
      7440 -10.8074
      7800 -10.8074
      8160 -10.8074
      8520 -10.8074
       270 -11.5423
       300 -11.5423
       630 -11.5423
       660 -11.5423
       990 -11.5423
      1020 -11.5423
      1350 -11.5423
      1380 -11.5423
      1710 -11.5423
      1740 -11.5423
      2070 -11.5423
      2100 -11.5423
      2430 -11.5423
      2460 -11.5423
      2790 -11.5423
      2820 -11.5423
      3150 -11.5423
      3180 -11.5423
      3510 -11.5423
      3540 -11.5423
      3870 -11.5423
      3900 -11.5423
      4230 -11.5423
      4260 -11.5423
      4590 -11.5423
      4620 -11.5423
      4950 -11.5423
      4980 -11.5423
      5310 -11.5423
      5340 -11.5423
      5670 -11.5423
      5700 -11.5423
      6030 -11.5423
      6060 -11.5423
      6390 -11.5423
      6420 -11.5423
      6750 -11.5423
      6780 -11.5423
      7110 -11.5423
      7140 -11.5423
      7470 -11.5423
      7500 -11.5423
      7830 -11.5423
      7860 -11.5423
      8190 -11.5423
      8220 -11.5423
      8550 -11.5423
      8580 -11.5423
