# Well Pumping Time Series Data for Well 100548 : 100548
# Start Date 1991
# Transient Simulation
# Created on 04-Jun-2019 09:21:49
# Column-1: Time in days from start date
# Column-2: Pumping Volume in cubic meters
         0 0.0000
       120 -2.1889
       480 -2.1889
       840 -2.1889
      1200 -2.1889
      1560 -2.1889
      1920 -2.1889
      2280 -2.1889
      2640 -2.1889
      3000 -2.1889
      3360 -2.1889
      3720 -2.1889
      4080 -2.1889
      4440 -2.1889
      4800 -2.1889
      5160 -2.1889
      5520 -2.1889
      5880 -2.1889
      6240 -2.1889
      6600 -2.1889
      6960 -2.1889
      7320 -2.1889
      7680 -2.1889
      8040 -2.1889
      8400 -2.1889
        90 -2.3322
       450 -2.3322
       810 -2.3322
      1170 -2.3322
      1530 -2.3322
      1890 -2.3322
      2250 -2.3322
      2610 -2.3322
      2970 -2.3322
      3330 -2.3322
      3690 -2.3322
      4050 -2.3322
      4410 -2.3322
      4770 -2.3322
      5130 -2.3322
      5490 -2.3322
      5850 -2.3322
      6210 -2.3322
      6570 -2.3322
      6930 -2.3322
      7290 -2.3322
      7650 -2.3322
      8010 -2.3322
      8370 -2.3322
        60 -2.3679
       420 -2.3679
       780 -2.3679
      1140 -2.3679
      1500 -2.3679
      1860 -2.3679
      2220 -2.3679
      2580 -2.3679
      2940 -2.3679
      3300 -2.3679
      3660 -2.3679
      4020 -2.3679
      4380 -2.3679
      4740 -2.3679
      5100 -2.3679
      5460 -2.3679
      5820 -2.3679
      6180 -2.3679
      6540 -2.3679
      6900 -2.3679
      7260 -2.3679
      7620 -2.3679
      7980 -2.3679
      8340 -2.3679
       150 -2.5177
       510 -2.5177
       870 -2.5177
      1230 -2.5177
      1590 -2.5177
      1950 -2.5177
      2310 -2.5177
      2670 -2.5177
      3030 -2.5177
      3390 -2.5177
      3750 -2.5177
      4110 -2.5177
      4470 -2.5177
      4830 -2.5177
      5190 -2.5177
      5550 -2.5177
      5910 -2.5177
      6270 -2.5177
      6630 -2.5177
      6990 -2.5177
      7350 -2.5177
      7710 -2.5177
      8070 -2.5177
      8430 -2.5177
        30 -2.6349
       390 -2.6349
       750 -2.6349
      1110 -2.6349
      1470 -2.6349
      1830 -2.6349
      2190 -2.6349
      2550 -2.6349
      2910 -2.6349
      3270 -2.6349
      3630 -2.6349
      3990 -2.6349
      4350 -2.6349
      4710 -2.6349
      5070 -2.6349
      5430 -2.6349
      5790 -2.6349
      6150 -2.6349
      6510 -2.6349
      6870 -2.6349
      7230 -2.6349
      7590 -2.6349
      7950 -2.6349
      8310 -2.6349
       180 -2.7614
       540 -2.7614
       900 -2.7614
      1260 -2.7614
      1620 -2.7614
      1980 -2.7614
      2340 -2.7614
      2700 -2.7614
      3060 -2.7614
      3420 -2.7614
      3780 -2.7614
      4140 -2.7614
      4500 -2.7614
      4860 -2.7614
      5220 -2.7614
      5580 -2.7614
      5940 -2.7614
      6300 -2.7614
      6660 -2.7614
      7020 -2.7614
      7380 -2.7614
      7740 -2.7614
      8100 -2.7614
      8460 -2.7614
         1 -3.2314
       360 -3.2314
       720 -3.2314
      1080 -3.2314
      1440 -3.2314
      1800 -3.2314
      2160 -3.2314
      2520 -3.2314
      2880 -3.2314
      3240 -3.2314
      3600 -3.2314
      3960 -3.2314
      4320 -3.2314
      4680 -3.2314
      5040 -3.2314
      5400 -3.2314
      5760 -3.2314
      6120 -3.2314
      6480 -3.2314
      6840 -3.2314
      7200 -3.2314
      7560 -3.2314
      7920 -3.2314
      8280 -3.2314
       210 -3.4134
       570 -3.4134
       930 -3.4134
      1290 -3.4134
      1650 -3.4134
      2010 -3.4134
      2370 -3.4134
      2730 -3.4134
      3090 -3.4134
      3450 -3.4134
      3810 -3.4134
      4170 -3.4134
      4530 -3.4134
      4890 -3.4134
      5250 -3.4134
      5610 -3.4134
      5970 -3.4134
      6330 -3.4134
      6690 -3.4134
      7050 -3.4134
      7410 -3.4134
      7770 -3.4134
      8130 -3.4134
      8490 -3.4134
       330 -3.5180
       690 -3.5180
      1050 -3.5180
      1410 -3.5180
      1770 -3.5180
      2130 -3.5180
      2490 -3.5180
      2850 -3.5180
      3210 -3.5180
      3570 -3.5180
      3930 -3.5180
      4290 -3.5180
      4650 -3.5180
      5010 -3.5180
      5370 -3.5180
      5730 -3.5180
      6090 -3.5180
      6450 -3.5180
      6810 -3.5180
      7170 -3.5180
      7530 -3.5180
      7890 -3.5180
      8250 -3.5180
      8610 -3.5180
       240 -3.6025
       600 -3.6025
       960 -3.6025
      1320 -3.6025
      1680 -3.6025
      2040 -3.6025
      2400 -3.6025
      2760 -3.6025
      3120 -3.6025
      3480 -3.6025
      3840 -3.6025
      4200 -3.6025
      4560 -3.6025
      4920 -3.6025
      5280 -3.6025
      5640 -3.6025
      6000 -3.6025
      6360 -3.6025
      6720 -3.6025
      7080 -3.6025
      7440 -3.6025
      7800 -3.6025
      8160 -3.6025
      8520 -3.6025
       270 -3.8474
       300 -3.8474
       630 -3.8474
       660 -3.8474
       990 -3.8474
      1020 -3.8474
      1350 -3.8474
      1380 -3.8474
      1710 -3.8474
      1740 -3.8474
      2070 -3.8474
      2100 -3.8474
      2430 -3.8474
      2460 -3.8474
      2790 -3.8474
      2820 -3.8474
      3150 -3.8474
      3180 -3.8474
      3510 -3.8474
      3540 -3.8474
      3870 -3.8474
      3900 -3.8474
      4230 -3.8474
      4260 -3.8474
      4590 -3.8474
      4620 -3.8474
      4950 -3.8474
      4980 -3.8474
      5310 -3.8474
      5340 -3.8474
      5670 -3.8474
      5700 -3.8474
      6030 -3.8474
      6060 -3.8474
      6390 -3.8474
      6420 -3.8474
      6750 -3.8474
      6780 -3.8474
      7110 -3.8474
      7140 -3.8474
      7470 -3.8474
      7500 -3.8474
      7830 -3.8474
      7860 -3.8474
      8190 -3.8474
      8220 -3.8474
      8550 -3.8474
      8580 -3.8474
