# Well Pumping Time Series Data for Well 100881 : 100881
# Start Date 1991
# Transient Simulation
# Created on 04-Jun-2019 09:21:54
# Column-1: Time in days from start date
# Column-2: Pumping Volume in cubic meters
         0 0.0000
       120 -25.5936
       480 -25.5936
       840 -25.5936
      1200 -25.5936
      1560 -25.5936
      1920 -25.5936
      2280 -25.5936
      2640 -25.5936
      3000 -25.5936
      3360 -25.5936
      3720 -25.5936
      4080 -25.5936
      4440 -25.5936
      4800 -25.5936
      5160 -25.5936
      5520 -25.5936
      5880 -25.5936
      6240 -25.5936
      6600 -25.5936
      6960 -25.5936
      7320 -25.5936
      7680 -25.5936
      8040 -25.5936
      8400 -25.5936
        90 -27.2694
       450 -27.2694
       810 -27.2694
      1170 -27.2694
      1530 -27.2694
      1890 -27.2694
      2250 -27.2694
      2610 -27.2694
      2970 -27.2694
      3330 -27.2694
      3690 -27.2694
      4050 -27.2694
      4410 -27.2694
      4770 -27.2694
      5130 -27.2694
      5490 -27.2694
      5850 -27.2694
      6210 -27.2694
      6570 -27.2694
      6930 -27.2694
      7290 -27.2694
      7650 -27.2694
      8010 -27.2694
      8370 -27.2694
        60 -27.6866
       420 -27.6866
       780 -27.6866
      1140 -27.6866
      1500 -27.6866
      1860 -27.6866
      2220 -27.6866
      2580 -27.6866
      2940 -27.6866
      3300 -27.6866
      3660 -27.6866
      4020 -27.6866
      4380 -27.6866
      4740 -27.6866
      5100 -27.6866
      5460 -27.6866
      5820 -27.6866
      6180 -27.6866
      6540 -27.6866
      6900 -27.6866
      7260 -27.6866
      7620 -27.6866
      7980 -27.6866
      8340 -27.6866
       150 -29.4375
       510 -29.4375
       870 -29.4375
      1230 -29.4375
      1590 -29.4375
      1950 -29.4375
      2310 -29.4375
      2670 -29.4375
      3030 -29.4375
      3390 -29.4375
      3750 -29.4375
      4110 -29.4375
      4470 -29.4375
      4830 -29.4375
      5190 -29.4375
      5550 -29.4375
      5910 -29.4375
      6270 -29.4375
      6630 -29.4375
      6990 -29.4375
      7350 -29.4375
      7710 -29.4375
      8070 -29.4375
      8430 -29.4375
        30 -30.8084
       390 -30.8084
       750 -30.8084
      1110 -30.8084
      1470 -30.8084
      1830 -30.8084
      2190 -30.8084
      2550 -30.8084
      2910 -30.8084
      3270 -30.8084
      3630 -30.8084
      3990 -30.8084
      4350 -30.8084
      4710 -30.8084
      5070 -30.8084
      5430 -30.8084
      5790 -30.8084
      6150 -30.8084
      6510 -30.8084
      6870 -30.8084
      7230 -30.8084
      7590 -30.8084
      7950 -30.8084
      8310 -30.8084
       180 -32.2874
       540 -32.2874
       900 -32.2874
      1260 -32.2874
      1620 -32.2874
      1980 -32.2874
      2340 -32.2874
      2700 -32.2874
      3060 -32.2874
      3420 -32.2874
      3780 -32.2874
      4140 -32.2874
      4500 -32.2874
      4860 -32.2874
      5220 -32.2874
      5580 -32.2874
      5940 -32.2874
      6300 -32.2874
      6660 -32.2874
      7020 -32.2874
      7380 -32.2874
      7740 -32.2874
      8100 -32.2874
      8460 -32.2874
         1 -37.7829
       360 -37.7829
       720 -37.7829
      1080 -37.7829
      1440 -37.7829
      1800 -37.7829
      2160 -37.7829
      2520 -37.7829
      2880 -37.7829
      3240 -37.7829
      3600 -37.7829
      3960 -37.7829
      4320 -37.7829
      4680 -37.7829
      5040 -37.7829
      5400 -37.7829
      5760 -37.7829
      6120 -37.7829
      6480 -37.7829
      6840 -37.7829
      7200 -37.7829
      7560 -37.7829
      7920 -37.7829
      8280 -37.7829
       210 -39.9110
       570 -39.9110
       930 -39.9110
      1290 -39.9110
      1650 -39.9110
      2010 -39.9110
      2370 -39.9110
      2730 -39.9110
      3090 -39.9110
      3450 -39.9110
      3810 -39.9110
      4170 -39.9110
      4530 -39.9110
      4890 -39.9110
      5250 -39.9110
      5610 -39.9110
      5970 -39.9110
      6330 -39.9110
      6690 -39.9110
      7050 -39.9110
      7410 -39.9110
      7770 -39.9110
      8130 -39.9110
      8490 -39.9110
       330 -41.1341
       690 -41.1341
      1050 -41.1341
      1410 -41.1341
      1770 -41.1341
      2130 -41.1341
      2490 -41.1341
      2850 -41.1341
      3210 -41.1341
      3570 -41.1341
      3930 -41.1341
      4290 -41.1341
      4650 -41.1341
      5010 -41.1341
      5370 -41.1341
      5730 -41.1341
      6090 -41.1341
      6450 -41.1341
      6810 -41.1341
      7170 -41.1341
      7530 -41.1341
      7890 -41.1341
      8250 -41.1341
      8610 -41.1341
       240 -42.1211
       600 -42.1211
       960 -42.1211
      1320 -42.1211
      1680 -42.1211
      2040 -42.1211
      2400 -42.1211
      2760 -42.1211
      3120 -42.1211
      3480 -42.1211
      3840 -42.1211
      4200 -42.1211
      4560 -42.1211
      4920 -42.1211
      5280 -42.1211
      5640 -42.1211
      6000 -42.1211
      6360 -42.1211
      6720 -42.1211
      7080 -42.1211
      7440 -42.1211
      7800 -42.1211
      8160 -42.1211
      8520 -42.1211
       270 -44.9853
       300 -44.9853
       630 -44.9853
       660 -44.9853
       990 -44.9853
      1020 -44.9853
      1350 -44.9853
      1380 -44.9853
      1710 -44.9853
      1740 -44.9853
      2070 -44.9853
      2100 -44.9853
      2430 -44.9853
      2460 -44.9853
      2790 -44.9853
      2820 -44.9853
      3150 -44.9853
      3180 -44.9853
      3510 -44.9853
      3540 -44.9853
      3870 -44.9853
      3900 -44.9853
      4230 -44.9853
      4260 -44.9853
      4590 -44.9853
      4620 -44.9853
      4950 -44.9853
      4980 -44.9853
      5310 -44.9853
      5340 -44.9853
      5670 -44.9853
      5700 -44.9853
      6030 -44.9853
      6060 -44.9853
      6390 -44.9853
      6420 -44.9853
      6750 -44.9853
      6780 -44.9853
      7110 -44.9853
      7140 -44.9853
      7470 -44.9853
      7500 -44.9853
      7830 -44.9853
      7860 -44.9853
      8190 -44.9853
      8220 -44.9853
      8550 -44.9853
      8580 -44.9853
