# Well Pumping Time Series Data for Well 100571 : 100571
# Start Date 1991
# Transient Simulation
# Created on 04-Jun-2019 09:21:49
# Column-1: Time in days from start date
# Column-2: Pumping Volume in cubic meters
         0 0.0000
       120 -2.4204
       480 -2.4204
       840 -2.4204
      1200 -2.4204
      1560 -2.4204
      1920 -2.4204
      2280 -2.4204
      2640 -2.4204
      3000 -2.4204
      3360 -2.4204
      3720 -2.4204
      4080 -2.4204
      4440 -2.4204
      4800 -2.4204
      5160 -2.4204
      5520 -2.4204
      5880 -2.4204
      6240 -2.4204
      6600 -2.4204
      6960 -2.4204
      7320 -2.4204
      7680 -2.4204
      8040 -2.4204
      8400 -2.4204
        90 -2.5789
       450 -2.5789
       810 -2.5789
      1170 -2.5789
      1530 -2.5789
      1890 -2.5789
      2250 -2.5789
      2610 -2.5789
      2970 -2.5789
      3330 -2.5789
      3690 -2.5789
      4050 -2.5789
      4410 -2.5789
      4770 -2.5789
      5130 -2.5789
      5490 -2.5789
      5850 -2.5789
      6210 -2.5789
      6570 -2.5789
      6930 -2.5789
      7290 -2.5789
      7650 -2.5789
      8010 -2.5789
      8370 -2.5789
        60 -2.6184
       420 -2.6184
       780 -2.6184
      1140 -2.6184
      1500 -2.6184
      1860 -2.6184
      2220 -2.6184
      2580 -2.6184
      2940 -2.6184
      3300 -2.6184
      3660 -2.6184
      4020 -2.6184
      4380 -2.6184
      4740 -2.6184
      5100 -2.6184
      5460 -2.6184
      5820 -2.6184
      6180 -2.6184
      6540 -2.6184
      6900 -2.6184
      7260 -2.6184
      7620 -2.6184
      7980 -2.6184
      8340 -2.6184
       150 -2.7840
       510 -2.7840
       870 -2.7840
      1230 -2.7840
      1590 -2.7840
      1950 -2.7840
      2310 -2.7840
      2670 -2.7840
      3030 -2.7840
      3390 -2.7840
      3750 -2.7840
      4110 -2.7840
      4470 -2.7840
      4830 -2.7840
      5190 -2.7840
      5550 -2.7840
      5910 -2.7840
      6270 -2.7840
      6630 -2.7840
      6990 -2.7840
      7350 -2.7840
      7710 -2.7840
      8070 -2.7840
      8430 -2.7840
        30 -2.9136
       390 -2.9136
       750 -2.9136
      1110 -2.9136
      1470 -2.9136
      1830 -2.9136
      2190 -2.9136
      2550 -2.9136
      2910 -2.9136
      3270 -2.9136
      3630 -2.9136
      3990 -2.9136
      4350 -2.9136
      4710 -2.9136
      5070 -2.9136
      5430 -2.9136
      5790 -2.9136
      6150 -2.9136
      6510 -2.9136
      6870 -2.9136
      7230 -2.9136
      7590 -2.9136
      7950 -2.9136
      8310 -2.9136
       180 -3.0535
       540 -3.0535
       900 -3.0535
      1260 -3.0535
      1620 -3.0535
      1980 -3.0535
      2340 -3.0535
      2700 -3.0535
      3060 -3.0535
      3420 -3.0535
      3780 -3.0535
      4140 -3.0535
      4500 -3.0535
      4860 -3.0535
      5220 -3.0535
      5580 -3.0535
      5940 -3.0535
      6300 -3.0535
      6660 -3.0535
      7020 -3.0535
      7380 -3.0535
      7740 -3.0535
      8100 -3.0535
      8460 -3.0535
         1 -3.5732
       360 -3.5732
       720 -3.5732
      1080 -3.5732
      1440 -3.5732
      1800 -3.5732
      2160 -3.5732
      2520 -3.5732
      2880 -3.5732
      3240 -3.5732
      3600 -3.5732
      3960 -3.5732
      4320 -3.5732
      4680 -3.5732
      5040 -3.5732
      5400 -3.5732
      5760 -3.5732
      6120 -3.5732
      6480 -3.5732
      6840 -3.5732
      7200 -3.5732
      7560 -3.5732
      7920 -3.5732
      8280 -3.5732
       210 -3.7745
       570 -3.7745
       930 -3.7745
      1290 -3.7745
      1650 -3.7745
      2010 -3.7745
      2370 -3.7745
      2730 -3.7745
      3090 -3.7745
      3450 -3.7745
      3810 -3.7745
      4170 -3.7745
      4530 -3.7745
      4890 -3.7745
      5250 -3.7745
      5610 -3.7745
      5970 -3.7745
      6330 -3.7745
      6690 -3.7745
      7050 -3.7745
      7410 -3.7745
      7770 -3.7745
      8130 -3.7745
      8490 -3.7745
       330 -3.8901
       690 -3.8901
      1050 -3.8901
      1410 -3.8901
      1770 -3.8901
      2130 -3.8901
      2490 -3.8901
      2850 -3.8901
      3210 -3.8901
      3570 -3.8901
      3930 -3.8901
      4290 -3.8901
      4650 -3.8901
      5010 -3.8901
      5370 -3.8901
      5730 -3.8901
      6090 -3.8901
      6450 -3.8901
      6810 -3.8901
      7170 -3.8901
      7530 -3.8901
      7890 -3.8901
      8250 -3.8901
      8610 -3.8901
       240 -3.9835
       600 -3.9835
       960 -3.9835
      1320 -3.9835
      1680 -3.9835
      2040 -3.9835
      2400 -3.9835
      2760 -3.9835
      3120 -3.9835
      3480 -3.9835
      3840 -3.9835
      4200 -3.9835
      4560 -3.9835
      4920 -3.9835
      5280 -3.9835
      5640 -3.9835
      6000 -3.9835
      6360 -3.9835
      6720 -3.9835
      7080 -3.9835
      7440 -3.9835
      7800 -3.9835
      8160 -3.9835
      8520 -3.9835
       270 -4.2544
       300 -4.2544
       630 -4.2544
       660 -4.2544
       990 -4.2544
      1020 -4.2544
      1350 -4.2544
      1380 -4.2544
      1710 -4.2544
      1740 -4.2544
      2070 -4.2544
      2100 -4.2544
      2430 -4.2544
      2460 -4.2544
      2790 -4.2544
      2820 -4.2544
      3150 -4.2544
      3180 -4.2544
      3510 -4.2544
      3540 -4.2544
      3870 -4.2544
      3900 -4.2544
      4230 -4.2544
      4260 -4.2544
      4590 -4.2544
      4620 -4.2544
      4950 -4.2544
      4980 -4.2544
      5310 -4.2544
      5340 -4.2544
      5670 -4.2544
      5700 -4.2544
      6030 -4.2544
      6060 -4.2544
      6390 -4.2544
      6420 -4.2544
      6750 -4.2544
      6780 -4.2544
      7110 -4.2544
      7140 -4.2544
      7470 -4.2544
      7500 -4.2544
      7830 -4.2544
      7860 -4.2544
      8190 -4.2544
      8220 -4.2544
      8550 -4.2544
      8580 -4.2544
