# Well Pumping Time Series Data for Well 101020 : 101020
# Start Date 1991
# Transient Simulation
# Created on 04-Jun-2019 09:21:58
# Column-1: Time in days from start date
# Column-2: Pumping Volume in cubic meters
         0 0.0000
       120 -2.9256
       480 -2.9256
       840 -2.9256
      1200 -2.9256
      1560 -2.9256
      1920 -2.9256
      2280 -2.9256
      2640 -2.9256
      3000 -2.9256
      3360 -2.9256
      3720 -2.9256
      4080 -2.9256
      4440 -2.9256
      4800 -2.9256
      5160 -2.9256
      5520 -2.9256
      5880 -2.9256
      6240 -2.9256
      6600 -2.9256
      6960 -2.9256
      7320 -2.9256
      7680 -2.9256
      8040 -2.9256
      8400 -2.9256
        90 -3.1171
       450 -3.1171
       810 -3.1171
      1170 -3.1171
      1530 -3.1171
      1890 -3.1171
      2250 -3.1171
      2610 -3.1171
      2970 -3.1171
      3330 -3.1171
      3690 -3.1171
      4050 -3.1171
      4410 -3.1171
      4770 -3.1171
      5130 -3.1171
      5490 -3.1171
      5850 -3.1171
      6210 -3.1171
      6570 -3.1171
      6930 -3.1171
      7290 -3.1171
      7650 -3.1171
      8010 -3.1171
      8370 -3.1171
        60 -3.1648
       420 -3.1648
       780 -3.1648
      1140 -3.1648
      1500 -3.1648
      1860 -3.1648
      2220 -3.1648
      2580 -3.1648
      2940 -3.1648
      3300 -3.1648
      3660 -3.1648
      4020 -3.1648
      4380 -3.1648
      4740 -3.1648
      5100 -3.1648
      5460 -3.1648
      5820 -3.1648
      6180 -3.1648
      6540 -3.1648
      6900 -3.1648
      7260 -3.1648
      7620 -3.1648
      7980 -3.1648
      8340 -3.1648
       150 -3.3650
       510 -3.3650
       870 -3.3650
      1230 -3.3650
      1590 -3.3650
      1950 -3.3650
      2310 -3.3650
      2670 -3.3650
      3030 -3.3650
      3390 -3.3650
      3750 -3.3650
      4110 -3.3650
      4470 -3.3650
      4830 -3.3650
      5190 -3.3650
      5550 -3.3650
      5910 -3.3650
      6270 -3.3650
      6630 -3.3650
      6990 -3.3650
      7350 -3.3650
      7710 -3.3650
      8070 -3.3650
      8430 -3.3650
        30 -3.5217
       390 -3.5217
       750 -3.5217
      1110 -3.5217
      1470 -3.5217
      1830 -3.5217
      2190 -3.5217
      2550 -3.5217
      2910 -3.5217
      3270 -3.5217
      3630 -3.5217
      3990 -3.5217
      4350 -3.5217
      4710 -3.5217
      5070 -3.5217
      5430 -3.5217
      5790 -3.5217
      6150 -3.5217
      6510 -3.5217
      6870 -3.5217
      7230 -3.5217
      7590 -3.5217
      7950 -3.5217
      8310 -3.5217
       180 -3.6907
       540 -3.6907
       900 -3.6907
      1260 -3.6907
      1620 -3.6907
      1980 -3.6907
      2340 -3.6907
      2700 -3.6907
      3060 -3.6907
      3420 -3.6907
      3780 -3.6907
      4140 -3.6907
      4500 -3.6907
      4860 -3.6907
      5220 -3.6907
      5580 -3.6907
      5940 -3.6907
      6300 -3.6907
      6660 -3.6907
      7020 -3.6907
      7380 -3.6907
      7740 -3.6907
      8100 -3.6907
      8460 -3.6907
         1 -4.3189
       360 -4.3189
       720 -4.3189
      1080 -4.3189
      1440 -4.3189
      1800 -4.3189
      2160 -4.3189
      2520 -4.3189
      2880 -4.3189
      3240 -4.3189
      3600 -4.3189
      3960 -4.3189
      4320 -4.3189
      4680 -4.3189
      5040 -4.3189
      5400 -4.3189
      5760 -4.3189
      6120 -4.3189
      6480 -4.3189
      6840 -4.3189
      7200 -4.3189
      7560 -4.3189
      7920 -4.3189
      8280 -4.3189
       210 -4.5622
       570 -4.5622
       930 -4.5622
      1290 -4.5622
      1650 -4.5622
      2010 -4.5622
      2370 -4.5622
      2730 -4.5622
      3090 -4.5622
      3450 -4.5622
      3810 -4.5622
      4170 -4.5622
      4530 -4.5622
      4890 -4.5622
      5250 -4.5622
      5610 -4.5622
      5970 -4.5622
      6330 -4.5622
      6690 -4.5622
      7050 -4.5622
      7410 -4.5622
      7770 -4.5622
      8130 -4.5622
      8490 -4.5622
       330 -4.7020
       690 -4.7020
      1050 -4.7020
      1410 -4.7020
      1770 -4.7020
      2130 -4.7020
      2490 -4.7020
      2850 -4.7020
      3210 -4.7020
      3570 -4.7020
      3930 -4.7020
      4290 -4.7020
      4650 -4.7020
      5010 -4.7020
      5370 -4.7020
      5730 -4.7020
      6090 -4.7020
      6450 -4.7020
      6810 -4.7020
      7170 -4.7020
      7530 -4.7020
      7890 -4.7020
      8250 -4.7020
      8610 -4.7020
       240 -4.8148
       600 -4.8148
       960 -4.8148
      1320 -4.8148
      1680 -4.8148
      2040 -4.8148
      2400 -4.8148
      2760 -4.8148
      3120 -4.8148
      3480 -4.8148
      3840 -4.8148
      4200 -4.8148
      4560 -4.8148
      4920 -4.8148
      5280 -4.8148
      5640 -4.8148
      6000 -4.8148
      6360 -4.8148
      6720 -4.8148
      7080 -4.8148
      7440 -4.8148
      7800 -4.8148
      8160 -4.8148
      8520 -4.8148
       270 -5.1422
       300 -5.1422
       630 -5.1422
       660 -5.1422
       990 -5.1422
      1020 -5.1422
      1350 -5.1422
      1380 -5.1422
      1710 -5.1422
      1740 -5.1422
      2070 -5.1422
      2100 -5.1422
      2430 -5.1422
      2460 -5.1422
      2790 -5.1422
      2820 -5.1422
      3150 -5.1422
      3180 -5.1422
      3510 -5.1422
      3540 -5.1422
      3870 -5.1422
      3900 -5.1422
      4230 -5.1422
      4260 -5.1422
      4590 -5.1422
      4620 -5.1422
      4950 -5.1422
      4980 -5.1422
      5310 -5.1422
      5340 -5.1422
      5670 -5.1422
      5700 -5.1422
      6030 -5.1422
      6060 -5.1422
      6390 -5.1422
      6420 -5.1422
      6750 -5.1422
      6780 -5.1422
      7110 -5.1422
      7140 -5.1422
      7470 -5.1422
      7500 -5.1422
      7830 -5.1422
      7860 -5.1422
      8190 -5.1422
      8220 -5.1422
      8550 -5.1422
      8580 -5.1422
