# Well Pumping Time Series Data for Well DWR32731 : DWR32731
# Start Date 1991
# Transient Simulation
# Created on 04-Jun-2019 09:22:03
# Column-1: Time in days from start date
# Column-2: Pumping Volume in cubic meters
         0 0.0000
        30 -0.3658
       390 -0.3658
       750 -0.3658
      1110 -0.3658
      1470 -0.3658
      1830 -0.3658
      2280 -0.3658
      2640 -0.3658
      3000 -0.3658
      3360 -0.3658
      3720 -0.3658
      4080 -0.3658
      4440 -0.3658
      4800 -0.3658
      5160 -0.3658
      5520 -0.3658
      5880 -0.3658
      6240 -0.3658
      6600 -0.3658
      6960 -0.3658
      7320 -0.3658
      7680 -0.3658
      8040 -0.3658
      8400 -0.3658
       330 -1.7369
       690 -1.7369
      1050 -1.7369
      1410 -1.7369
      1770 -1.7369
      2220 -1.7369
      2580 -1.7369
      2940 -1.7369
      3300 -1.7369
      3660 -1.7369
      4020 -1.7369
      4380 -1.7369
      4740 -1.7369
      5100 -1.7369
      5460 -1.7369
      5820 -1.7369
      6180 -1.7369
      6540 -1.7369
      6900 -1.7369
      7260 -1.7369
      7620 -1.7369
      7980 -1.7369
      8340 -1.7369
        60 -1.8807
       420 -1.8807
       780 -1.8807
      1140 -1.8807
      1500 -1.8807
      1860 -1.8807
      2310 -1.8807
      2670 -1.8807
      3030 -1.8807
      3390 -1.8807
      3750 -1.8807
      4110 -1.8807
      4470 -1.8807
      4830 -1.8807
      5190 -1.8807
      5550 -1.8807
      5910 -1.8807
      6270 -1.8807
      6630 -1.8807
      6990 -1.8807
      7350 -1.8807
      7710 -1.8807
      8070 -1.8807
      8430 -1.8807
         1 -2.9341
       360 -2.9341
       720 -2.9341
      1080 -2.9341
      1440 -2.9341
      1800 -2.9341
      2250 -2.9341
      2610 -2.9341
      2970 -2.9341
      3330 -2.9341
      3690 -2.9341
      4050 -2.9341
      4410 -2.9341
      4770 -2.9341
      5130 -2.9341
      5490 -2.9341
      5850 -2.9341
      6210 -2.9341
      6570 -2.9341
      6930 -2.9341
      7290 -2.9341
      7650 -2.9341
      8010 -2.9341
      8370 -2.9341
       300 -4.1711
       660 -4.1711
      1020 -4.1711
      1380 -4.1711
      1740 -4.1711
      2190 -4.1711
      2550 -4.1711
      2910 -4.1711
      3270 -4.1711
      3630 -4.1711
      3990 -4.1711
      4350 -4.1711
      4710 -4.1711
      5070 -4.1711
      5430 -4.1711
      5790 -4.1711
      6150 -4.1711
      6510 -4.1711
      6870 -4.1711
      7230 -4.1711
      7590 -4.1711
      7950 -4.1711
      8310 -4.1711
        90 -8.7510
       450 -8.7510
       810 -8.7510
      1170 -8.7510
      1530 -8.7510
      1890 -8.7510
      2340 -8.7510
      2700 -8.7510
      3060 -8.7510
      3420 -8.7510
      3780 -8.7510
      4140 -8.7510
      4500 -8.7510
      4860 -8.7510
      5220 -8.7510
      5580 -8.7510
      5940 -8.7510
      6300 -8.7510
      6660 -8.7510
      7020 -8.7510
      7380 -8.7510
      7740 -8.7510
      8100 -8.7510
      8460 -8.7510
       270 -12.1376
       630 -12.1376
       990 -12.1376
      1350 -12.1376
      1710 -12.1376
      2160 -12.1376
      2520 -12.1376
      2880 -12.1376
      3240 -12.1376
      3600 -12.1376
      3960 -12.1376
      4320 -12.1376
      4680 -12.1376
      5040 -12.1376
      5400 -12.1376
      5760 -12.1376
      6120 -12.1376
      6480 -12.1376
      6840 -12.1376
      7200 -12.1376
      7560 -12.1376
      7920 -12.1376
      8280 -12.1376
       120 -12.5473
       480 -12.5473
       840 -12.5473
      1200 -12.5473
      1560 -12.5473
      1920 -12.5473
      2370 -12.5473
      2730 -12.5473
      3090 -12.5473
      3450 -12.5473
      3810 -12.5473
      4170 -12.5473
      4530 -12.5473
      4890 -12.5473
      5250 -12.5473
      5610 -12.5473
      5970 -12.5473
      6330 -12.5473
      6690 -12.5473
      7050 -12.5473
      7410 -12.5473
      7770 -12.5473
      8130 -12.5473
      8490 -12.5473
       240 -14.9628
       600 -14.9628
       960 -14.9628
      1320 -14.9628
      1680 -14.9628
      2040 -14.9628
      2490 -14.9628
      2850 -14.9628
      3210 -14.9628
      3570 -14.9628
      3930 -14.9628
      4290 -14.9628
      4650 -14.9628
      5010 -14.9628
      5370 -14.9628
      5730 -14.9628
      6090 -14.9628
      6450 -14.9628
      6810 -14.9628
      7170 -14.9628
      7530 -14.9628
      7890 -14.9628
      8250 -14.9628
      8610 -14.9628
       150 -16.8441
       510 -16.8441
       870 -16.8441
      1230 -16.8441
      1590 -16.8441
      1950 -16.8441
      2400 -16.8441
      2760 -16.8441
      3120 -16.8441
      3480 -16.8441
      3840 -16.8441
      4200 -16.8441
      4560 -16.8441
      4920 -16.8441
      5280 -16.8441
      5640 -16.8441
      6000 -16.8441
      6360 -16.8441
      6720 -16.8441
      7080 -16.8441
      7440 -16.8441
      7800 -16.8441
      8160 -16.8441
      8520 -16.8441
       180 -18.1305
       540 -18.1305
       900 -18.1305
      1260 -18.1305
      1620 -18.1305
      1980 -18.1305
      2430 -18.1305
      2790 -18.1305
      3150 -18.1305
      3510 -18.1305
      3870 -18.1305
      4230 -18.1305
      4590 -18.1305
      4950 -18.1305
      5310 -18.1305
      5670 -18.1305
      6030 -18.1305
      6390 -18.1305
      6750 -18.1305
      7110 -18.1305
      7470 -18.1305
      7830 -18.1305
      8190 -18.1305
      8550 -18.1305
       210 -18.6893
       570 -18.6893
       930 -18.6893
      1290 -18.6893
      1650 -18.6893
      2010 -18.6893
      2460 -18.6893
      2820 -18.6893
      3180 -18.6893
      3540 -18.6893
      3900 -18.6893
      4260 -18.6893
      4620 -18.6893
      4980 -18.6893
      5340 -18.6893
      5700 -18.6893
      6060 -18.6893
      6420 -18.6893
      6780 -18.6893
      7140 -18.6893
      7500 -18.6893
      7860 -18.6893
      8220 -18.6893
      8580 -18.6893
