# Well Pumping Time Series Data for Well 102283 : 102283
# Start Date 1991
# Transient Simulation
# Created on 04-Jun-2019 09:22:02
# Column-1: Time in days from start date
# Column-2: Pumping Volume in cubic meters
         0 0.0000
       120 -3.8306
       480 -3.8306
       840 -3.8306
      1200 -3.8306
      1560 -3.8306
      1920 -3.8306
      2280 -3.8306
      2640 -3.8306
      3000 -3.8306
      3360 -3.8306
      3720 -3.8306
      4080 -3.8306
      4440 -3.8306
      4800 -3.8306
      5160 -3.8306
      5520 -3.8306
      5880 -3.8306
      6240 -3.8306
      6600 -3.8306
      6960 -3.8306
      7320 -3.8306
      7680 -3.8306
      8040 -3.8306
      8400 -3.8306
        90 -4.0814
       450 -4.0814
       810 -4.0814
      1170 -4.0814
      1530 -4.0814
      1890 -4.0814
      2250 -4.0814
      2610 -4.0814
      2970 -4.0814
      3330 -4.0814
      3690 -4.0814
      4050 -4.0814
      4410 -4.0814
      4770 -4.0814
      5130 -4.0814
      5490 -4.0814
      5850 -4.0814
      6210 -4.0814
      6570 -4.0814
      6930 -4.0814
      7290 -4.0814
      7650 -4.0814
      8010 -4.0814
      8370 -4.0814
        60 -4.1439
       420 -4.1439
       780 -4.1439
      1140 -4.1439
      1500 -4.1439
      1860 -4.1439
      2220 -4.1439
      2580 -4.1439
      2940 -4.1439
      3300 -4.1439
      3660 -4.1439
      4020 -4.1439
      4380 -4.1439
      4740 -4.1439
      5100 -4.1439
      5460 -4.1439
      5820 -4.1439
      6180 -4.1439
      6540 -4.1439
      6900 -4.1439
      7260 -4.1439
      7620 -4.1439
      7980 -4.1439
      8340 -4.1439
       150 -4.4059
       510 -4.4059
       870 -4.4059
      1230 -4.4059
      1590 -4.4059
      1950 -4.4059
      2310 -4.4059
      2670 -4.4059
      3030 -4.4059
      3390 -4.4059
      3750 -4.4059
      4110 -4.4059
      4470 -4.4059
      4830 -4.4059
      5190 -4.4059
      5550 -4.4059
      5910 -4.4059
      6270 -4.4059
      6630 -4.4059
      6990 -4.4059
      7350 -4.4059
      7710 -4.4059
      8070 -4.4059
      8430 -4.4059
        30 -4.6111
       390 -4.6111
       750 -4.6111
      1110 -4.6111
      1470 -4.6111
      1830 -4.6111
      2190 -4.6111
      2550 -4.6111
      2910 -4.6111
      3270 -4.6111
      3630 -4.6111
      3990 -4.6111
      4350 -4.6111
      4710 -4.6111
      5070 -4.6111
      5430 -4.6111
      5790 -4.6111
      6150 -4.6111
      6510 -4.6111
      6870 -4.6111
      7230 -4.6111
      7590 -4.6111
      7950 -4.6111
      8310 -4.6111
       180 -4.8325
       540 -4.8325
       900 -4.8325
      1260 -4.8325
      1620 -4.8325
      1980 -4.8325
      2340 -4.8325
      2700 -4.8325
      3060 -4.8325
      3420 -4.8325
      3780 -4.8325
      4140 -4.8325
      4500 -4.8325
      4860 -4.8325
      5220 -4.8325
      5580 -4.8325
      5940 -4.8325
      6300 -4.8325
      6660 -4.8325
      7020 -4.8325
      7380 -4.8325
      7740 -4.8325
      8100 -4.8325
      8460 -4.8325
         1 -5.6550
       360 -5.6550
       720 -5.6550
      1080 -5.6550
      1440 -5.6550
      1800 -5.6550
      2160 -5.6550
      2520 -5.6550
      2880 -5.6550
      3240 -5.6550
      3600 -5.6550
      3960 -5.6550
      4320 -5.6550
      4680 -5.6550
      5040 -5.6550
      5400 -5.6550
      5760 -5.6550
      6120 -5.6550
      6480 -5.6550
      6840 -5.6550
      7200 -5.6550
      7560 -5.6550
      7920 -5.6550
      8280 -5.6550
       210 -5.9735
       570 -5.9735
       930 -5.9735
      1290 -5.9735
      1650 -5.9735
      2010 -5.9735
      2370 -5.9735
      2730 -5.9735
      3090 -5.9735
      3450 -5.9735
      3810 -5.9735
      4170 -5.9735
      4530 -5.9735
      4890 -5.9735
      5250 -5.9735
      5610 -5.9735
      5970 -5.9735
      6330 -5.9735
      6690 -5.9735
      7050 -5.9735
      7410 -5.9735
      7770 -5.9735
      8130 -5.9735
      8490 -5.9735
       330 -6.1566
       690 -6.1566
      1050 -6.1566
      1410 -6.1566
      1770 -6.1566
      2130 -6.1566
      2490 -6.1566
      2850 -6.1566
      3210 -6.1566
      3570 -6.1566
      3930 -6.1566
      4290 -6.1566
      4650 -6.1566
      5010 -6.1566
      5370 -6.1566
      5730 -6.1566
      6090 -6.1566
      6450 -6.1566
      6810 -6.1566
      7170 -6.1566
      7530 -6.1566
      7890 -6.1566
      8250 -6.1566
      8610 -6.1566
       240 -6.3043
       600 -6.3043
       960 -6.3043
      1320 -6.3043
      1680 -6.3043
      2040 -6.3043
      2400 -6.3043
      2760 -6.3043
      3120 -6.3043
      3480 -6.3043
      3840 -6.3043
      4200 -6.3043
      4560 -6.3043
      4920 -6.3043
      5280 -6.3043
      5640 -6.3043
      6000 -6.3043
      6360 -6.3043
      6720 -6.3043
      7080 -6.3043
      7440 -6.3043
      7800 -6.3043
      8160 -6.3043
      8520 -6.3043
       270 -6.7330
       300 -6.7330
       630 -6.7330
       660 -6.7330
       990 -6.7330
      1020 -6.7330
      1350 -6.7330
      1380 -6.7330
      1710 -6.7330
      1740 -6.7330
      2070 -6.7330
      2100 -6.7330
      2430 -6.7330
      2460 -6.7330
      2790 -6.7330
      2820 -6.7330
      3150 -6.7330
      3180 -6.7330
      3510 -6.7330
      3540 -6.7330
      3870 -6.7330
      3900 -6.7330
      4230 -6.7330
      4260 -6.7330
      4590 -6.7330
      4620 -6.7330
      4950 -6.7330
      4980 -6.7330
      5310 -6.7330
      5340 -6.7330
      5670 -6.7330
      5700 -6.7330
      6030 -6.7330
      6060 -6.7330
      6390 -6.7330
      6420 -6.7330
      6750 -6.7330
      6780 -6.7330
      7110 -6.7330
      7140 -6.7330
      7470 -6.7330
      7500 -6.7330
      7830 -6.7330
      7860 -6.7330
      8190 -6.7330
      8220 -6.7330
      8550 -6.7330
      8580 -6.7330
