# Well Pumping Time Series Data for Well 100557 : 100557
# Start Date 1991
# Transient Simulation
# Created on 04-Jun-2019 09:21:49
# Column-1: Time in days from start date
# Column-2: Pumping Volume in cubic meters
         0 0.0000
       120 -4.5673
       480 -4.5673
       840 -4.5673
      1200 -4.5673
      1560 -4.5673
      1920 -4.5673
      2280 -4.5673
      2640 -4.5673
      3000 -4.5673
      3360 -4.5673
      3720 -4.5673
      4080 -4.5673
      4440 -4.5673
      4800 -4.5673
      5160 -4.5673
      5520 -4.5673
      5880 -4.5673
      6240 -4.5673
      6600 -4.5673
      6960 -4.5673
      7320 -4.5673
      7680 -4.5673
      8040 -4.5673
      8400 -4.5673
        90 -4.8663
       450 -4.8663
       810 -4.8663
      1170 -4.8663
      1530 -4.8663
      1890 -4.8663
      2250 -4.8663
      2610 -4.8663
      2970 -4.8663
      3330 -4.8663
      3690 -4.8663
      4050 -4.8663
      4410 -4.8663
      4770 -4.8663
      5130 -4.8663
      5490 -4.8663
      5850 -4.8663
      6210 -4.8663
      6570 -4.8663
      6930 -4.8663
      7290 -4.8663
      7650 -4.8663
      8010 -4.8663
      8370 -4.8663
        60 -4.9408
       420 -4.9408
       780 -4.9408
      1140 -4.9408
      1500 -4.9408
      1860 -4.9408
      2220 -4.9408
      2580 -4.9408
      2940 -4.9408
      3300 -4.9408
      3660 -4.9408
      4020 -4.9408
      4380 -4.9408
      4740 -4.9408
      5100 -4.9408
      5460 -4.9408
      5820 -4.9408
      6180 -4.9408
      6540 -4.9408
      6900 -4.9408
      7260 -4.9408
      7620 -4.9408
      7980 -4.9408
      8340 -4.9408
       150 -5.2532
       510 -5.2532
       870 -5.2532
      1230 -5.2532
      1590 -5.2532
      1950 -5.2532
      2310 -5.2532
      2670 -5.2532
      3030 -5.2532
      3390 -5.2532
      3750 -5.2532
      4110 -5.2532
      4470 -5.2532
      4830 -5.2532
      5190 -5.2532
      5550 -5.2532
      5910 -5.2532
      6270 -5.2532
      6630 -5.2532
      6990 -5.2532
      7350 -5.2532
      7710 -5.2532
      8070 -5.2532
      8430 -5.2532
        30 -5.4979
       390 -5.4979
       750 -5.4979
      1110 -5.4979
      1470 -5.4979
      1830 -5.4979
      2190 -5.4979
      2550 -5.4979
      2910 -5.4979
      3270 -5.4979
      3630 -5.4979
      3990 -5.4979
      4350 -5.4979
      4710 -5.4979
      5070 -5.4979
      5430 -5.4979
      5790 -5.4979
      6150 -5.4979
      6510 -5.4979
      6870 -5.4979
      7230 -5.4979
      7590 -5.4979
      7950 -5.4979
      8310 -5.4979
       180 -5.7618
       540 -5.7618
       900 -5.7618
      1260 -5.7618
      1620 -5.7618
      1980 -5.7618
      2340 -5.7618
      2700 -5.7618
      3060 -5.7618
      3420 -5.7618
      3780 -5.7618
      4140 -5.7618
      4500 -5.7618
      4860 -5.7618
      5220 -5.7618
      5580 -5.7618
      5940 -5.7618
      6300 -5.7618
      6660 -5.7618
      7020 -5.7618
      7380 -5.7618
      7740 -5.7618
      8100 -5.7618
      8460 -5.7618
         1 -6.7425
       360 -6.7425
       720 -6.7425
      1080 -6.7425
      1440 -6.7425
      1800 -6.7425
      2160 -6.7425
      2520 -6.7425
      2880 -6.7425
      3240 -6.7425
      3600 -6.7425
      3960 -6.7425
      4320 -6.7425
      4680 -6.7425
      5040 -6.7425
      5400 -6.7425
      5760 -6.7425
      6120 -6.7425
      6480 -6.7425
      6840 -6.7425
      7200 -6.7425
      7560 -6.7425
      7920 -6.7425
      8280 -6.7425
       210 -7.1223
       570 -7.1223
       930 -7.1223
      1290 -7.1223
      1650 -7.1223
      2010 -7.1223
      2370 -7.1223
      2730 -7.1223
      3090 -7.1223
      3450 -7.1223
      3810 -7.1223
      4170 -7.1223
      4530 -7.1223
      4890 -7.1223
      5250 -7.1223
      5610 -7.1223
      5970 -7.1223
      6330 -7.1223
      6690 -7.1223
      7050 -7.1223
      7410 -7.1223
      7770 -7.1223
      8130 -7.1223
      8490 -7.1223
       330 -7.3405
       690 -7.3405
      1050 -7.3405
      1410 -7.3405
      1770 -7.3405
      2130 -7.3405
      2490 -7.3405
      2850 -7.3405
      3210 -7.3405
      3570 -7.3405
      3930 -7.3405
      4290 -7.3405
      4650 -7.3405
      5010 -7.3405
      5370 -7.3405
      5730 -7.3405
      6090 -7.3405
      6450 -7.3405
      6810 -7.3405
      7170 -7.3405
      7530 -7.3405
      7890 -7.3405
      8250 -7.3405
      8610 -7.3405
       240 -7.5167
       600 -7.5167
       960 -7.5167
      1320 -7.5167
      1680 -7.5167
      2040 -7.5167
      2400 -7.5167
      2760 -7.5167
      3120 -7.5167
      3480 -7.5167
      3840 -7.5167
      4200 -7.5167
      4560 -7.5167
      4920 -7.5167
      5280 -7.5167
      5640 -7.5167
      6000 -7.5167
      6360 -7.5167
      6720 -7.5167
      7080 -7.5167
      7440 -7.5167
      7800 -7.5167
      8160 -7.5167
      8520 -7.5167
       270 -8.0278
       300 -8.0278
       630 -8.0278
       660 -8.0278
       990 -8.0278
      1020 -8.0278
      1350 -8.0278
      1380 -8.0278
      1710 -8.0278
      1740 -8.0278
      2070 -8.0278
      2100 -8.0278
      2430 -8.0278
      2460 -8.0278
      2790 -8.0278
      2820 -8.0278
      3150 -8.0278
      3180 -8.0278
      3510 -8.0278
      3540 -8.0278
      3870 -8.0278
      3900 -8.0278
      4230 -8.0278
      4260 -8.0278
      4590 -8.0278
      4620 -8.0278
      4950 -8.0278
      4980 -8.0278
      5310 -8.0278
      5340 -8.0278
      5670 -8.0278
      5700 -8.0278
      6030 -8.0278
      6060 -8.0278
      6390 -8.0278
      6420 -8.0278
      6750 -8.0278
      6780 -8.0278
      7110 -8.0278
      7140 -8.0278
      7470 -8.0278
      7500 -8.0278
      7830 -8.0278
      7860 -8.0278
      8190 -8.0278
      8220 -8.0278
      8550 -8.0278
      8580 -8.0278
