# Well Pumping Time Series Data for Well 100850 : 100850
# Start Date 1991
# Transient Simulation
# Created on 04-Jun-2019 09:21:54
# Column-1: Time in days from start date
# Column-2: Pumping Volume in cubic meters
         0 0.0000
       120 -14.3122
       480 -14.3122
       840 -14.3122
      1200 -14.3122
      1560 -14.3122
      1920 -14.3122
      2280 -14.3122
      2640 -14.3122
      3000 -14.3122
      3360 -14.3122
      3720 -14.3122
      4080 -14.3122
      4440 -14.3122
      4800 -14.3122
      5160 -14.3122
      5520 -14.3122
      5880 -14.3122
      6240 -14.3122
      6600 -14.3122
      6960 -14.3122
      7320 -14.3122
      7680 -14.3122
      8040 -14.3122
      8400 -14.3122
        90 -15.2493
       450 -15.2493
       810 -15.2493
      1170 -15.2493
      1530 -15.2493
      1890 -15.2493
      2250 -15.2493
      2610 -15.2493
      2970 -15.2493
      3330 -15.2493
      3690 -15.2493
      4050 -15.2493
      4410 -15.2493
      4770 -15.2493
      5130 -15.2493
      5490 -15.2493
      5850 -15.2493
      6210 -15.2493
      6570 -15.2493
      6930 -15.2493
      7290 -15.2493
      7650 -15.2493
      8010 -15.2493
      8370 -15.2493
        60 -15.4826
       420 -15.4826
       780 -15.4826
      1140 -15.4826
      1500 -15.4826
      1860 -15.4826
      2220 -15.4826
      2580 -15.4826
      2940 -15.4826
      3300 -15.4826
      3660 -15.4826
      4020 -15.4826
      4380 -15.4826
      4740 -15.4826
      5100 -15.4826
      5460 -15.4826
      5820 -15.4826
      6180 -15.4826
      6540 -15.4826
      6900 -15.4826
      7260 -15.4826
      7620 -15.4826
      7980 -15.4826
      8340 -15.4826
       150 -16.4617
       510 -16.4617
       870 -16.4617
      1230 -16.4617
      1590 -16.4617
      1950 -16.4617
      2310 -16.4617
      2670 -16.4617
      3030 -16.4617
      3390 -16.4617
      3750 -16.4617
      4110 -16.4617
      4470 -16.4617
      4830 -16.4617
      5190 -16.4617
      5550 -16.4617
      5910 -16.4617
      6270 -16.4617
      6630 -16.4617
      6990 -16.4617
      7350 -16.4617
      7710 -16.4617
      8070 -16.4617
      8430 -16.4617
        30 -17.2284
       390 -17.2284
       750 -17.2284
      1110 -17.2284
      1470 -17.2284
      1830 -17.2284
      2190 -17.2284
      2550 -17.2284
      2910 -17.2284
      3270 -17.2284
      3630 -17.2284
      3990 -17.2284
      4350 -17.2284
      4710 -17.2284
      5070 -17.2284
      5430 -17.2284
      5790 -17.2284
      6150 -17.2284
      6510 -17.2284
      6870 -17.2284
      7230 -17.2284
      7590 -17.2284
      7950 -17.2284
      8310 -17.2284
       180 -18.0554
       540 -18.0554
       900 -18.0554
      1260 -18.0554
      1620 -18.0554
      1980 -18.0554
      2340 -18.0554
      2700 -18.0554
      3060 -18.0554
      3420 -18.0554
      3780 -18.0554
      4140 -18.0554
      4500 -18.0554
      4860 -18.0554
      5220 -18.0554
      5580 -18.0554
      5940 -18.0554
      6300 -18.0554
      6660 -18.0554
      7020 -18.0554
      7380 -18.0554
      7740 -18.0554
      8100 -18.0554
      8460 -18.0554
         1 -21.1286
       360 -21.1286
       720 -21.1286
      1080 -21.1286
      1440 -21.1286
      1800 -21.1286
      2160 -21.1286
      2520 -21.1286
      2880 -21.1286
      3240 -21.1286
      3600 -21.1286
      3960 -21.1286
      4320 -21.1286
      4680 -21.1286
      5040 -21.1286
      5400 -21.1286
      5760 -21.1286
      6120 -21.1286
      6480 -21.1286
      6840 -21.1286
      7200 -21.1286
      7560 -21.1286
      7920 -21.1286
      8280 -21.1286
       210 -22.3186
       570 -22.3186
       930 -22.3186
      1290 -22.3186
      1650 -22.3186
      2010 -22.3186
      2370 -22.3186
      2730 -22.3186
      3090 -22.3186
      3450 -22.3186
      3810 -22.3186
      4170 -22.3186
      4530 -22.3186
      4890 -22.3186
      5250 -22.3186
      5610 -22.3186
      5970 -22.3186
      6330 -22.3186
      6690 -22.3186
      7050 -22.3186
      7410 -22.3186
      7770 -22.3186
      8130 -22.3186
      8490 -22.3186
       330 -23.0026
       690 -23.0026
      1050 -23.0026
      1410 -23.0026
      1770 -23.0026
      2130 -23.0026
      2490 -23.0026
      2850 -23.0026
      3210 -23.0026
      3570 -23.0026
      3930 -23.0026
      4290 -23.0026
      4650 -23.0026
      5010 -23.0026
      5370 -23.0026
      5730 -23.0026
      6090 -23.0026
      6450 -23.0026
      6810 -23.0026
      7170 -23.0026
      7530 -23.0026
      7890 -23.0026
      8250 -23.0026
      8610 -23.0026
       240 -23.5546
       600 -23.5546
       960 -23.5546
      1320 -23.5546
      1680 -23.5546
      2040 -23.5546
      2400 -23.5546
      2760 -23.5546
      3120 -23.5546
      3480 -23.5546
      3840 -23.5546
      4200 -23.5546
      4560 -23.5546
      4920 -23.5546
      5280 -23.5546
      5640 -23.5546
      6000 -23.5546
      6360 -23.5546
      6720 -23.5546
      7080 -23.5546
      7440 -23.5546
      7800 -23.5546
      8160 -23.5546
      8520 -23.5546
       270 -25.1562
       300 -25.1562
       630 -25.1562
       660 -25.1562
       990 -25.1562
      1020 -25.1562
      1350 -25.1562
      1380 -25.1562
      1710 -25.1562
      1740 -25.1562
      2070 -25.1562
      2100 -25.1562
      2430 -25.1562
      2460 -25.1562
      2790 -25.1562
      2820 -25.1562
      3150 -25.1562
      3180 -25.1562
      3510 -25.1562
      3540 -25.1562
      3870 -25.1562
      3900 -25.1562
      4230 -25.1562
      4260 -25.1562
      4590 -25.1562
      4620 -25.1562
      4950 -25.1562
      4980 -25.1562
      5310 -25.1562
      5340 -25.1562
      5670 -25.1562
      5700 -25.1562
      6030 -25.1562
      6060 -25.1562
      6390 -25.1562
      6420 -25.1562
      6750 -25.1562
      6780 -25.1562
      7110 -25.1562
      7140 -25.1562
      7470 -25.1562
      7500 -25.1562
      7830 -25.1562
      7860 -25.1562
      8190 -25.1562
      8220 -25.1562
      8550 -25.1562
      8580 -25.1562
