# Well Pumping Time Series Data for Well DWR083923 : DWR083923
# Start Date 1991
# Transient Simulation
# Created on 04-Jun-2019 09:22:02
# Column-1: Time in days from start date
# Column-2: Pumping Volume in cubic meters
         0 0.0000
       120 -5.3671
       480 -5.3671
       840 -5.3671
      1200 -5.3671
      1560 -5.3671
      1920 -5.3671
      2280 -5.3671
      2640 -5.3671
      3000 -5.3671
      3360 -5.3671
      3720 -5.3671
      4080 -5.3671
      4440 -5.3671
      4800 -5.3671
      5160 -5.3671
      5520 -5.3671
      5880 -5.3671
      6240 -5.3671
      6600 -5.3671
      6960 -5.3671
      7320 -5.3671
      7680 -5.3671
      8040 -5.3671
      8400 -5.3671
        90 -5.7185
       450 -5.7185
       810 -5.7185
      1170 -5.7185
      1530 -5.7185
      1890 -5.7185
      2250 -5.7185
      2610 -5.7185
      2970 -5.7185
      3330 -5.7185
      3690 -5.7185
      4050 -5.7185
      4410 -5.7185
      4770 -5.7185
      5130 -5.7185
      5490 -5.7185
      5850 -5.7185
      6210 -5.7185
      6570 -5.7185
      6930 -5.7185
      7290 -5.7185
      7650 -5.7185
      8010 -5.7185
      8370 -5.7185
        60 -5.8060
       420 -5.8060
       780 -5.8060
      1140 -5.8060
      1500 -5.8060
      1860 -5.8060
      2220 -5.8060
      2580 -5.8060
      2940 -5.8060
      3300 -5.8060
      3660 -5.8060
      4020 -5.8060
      4380 -5.8060
      4740 -5.8060
      5100 -5.8060
      5460 -5.8060
      5820 -5.8060
      6180 -5.8060
      6540 -5.8060
      6900 -5.8060
      7260 -5.8060
      7620 -5.8060
      7980 -5.8060
      8340 -5.8060
       150 -6.1732
       510 -6.1732
       870 -6.1732
      1230 -6.1732
      1590 -6.1732
      1950 -6.1732
      2310 -6.1732
      2670 -6.1732
      3030 -6.1732
      3390 -6.1732
      3750 -6.1732
      4110 -6.1732
      4470 -6.1732
      4830 -6.1732
      5190 -6.1732
      5550 -6.1732
      5910 -6.1732
      6270 -6.1732
      6630 -6.1732
      6990 -6.1732
      7350 -6.1732
      7710 -6.1732
      8070 -6.1732
      8430 -6.1732
        30 -6.4606
       390 -6.4606
       750 -6.4606
      1110 -6.4606
      1470 -6.4606
      1830 -6.4606
      2190 -6.4606
      2550 -6.4606
      2910 -6.4606
      3270 -6.4606
      3630 -6.4606
      3990 -6.4606
      4350 -6.4606
      4710 -6.4606
      5070 -6.4606
      5430 -6.4606
      5790 -6.4606
      6150 -6.4606
      6510 -6.4606
      6870 -6.4606
      7230 -6.4606
      7590 -6.4606
      7950 -6.4606
      8310 -6.4606
       180 -6.7708
       540 -6.7708
       900 -6.7708
      1260 -6.7708
      1620 -6.7708
      1980 -6.7708
      2340 -6.7708
      2700 -6.7708
      3060 -6.7708
      3420 -6.7708
      3780 -6.7708
      4140 -6.7708
      4500 -6.7708
      4860 -6.7708
      5220 -6.7708
      5580 -6.7708
      5940 -6.7708
      6300 -6.7708
      6660 -6.7708
      7020 -6.7708
      7380 -6.7708
      7740 -6.7708
      8100 -6.7708
      8460 -6.7708
         1 -7.9232
       360 -7.9232
       720 -7.9232
      1080 -7.9232
      1440 -7.9232
      1800 -7.9232
      2160 -7.9232
      2520 -7.9232
      2880 -7.9232
      3240 -7.9232
      3600 -7.9232
      3960 -7.9232
      4320 -7.9232
      4680 -7.9232
      5040 -7.9232
      5400 -7.9232
      5760 -7.9232
      6120 -7.9232
      6480 -7.9232
      6840 -7.9232
      7200 -7.9232
      7560 -7.9232
      7920 -7.9232
      8280 -7.9232
       210 -8.3695
       570 -8.3695
       930 -8.3695
      1290 -8.3695
      1650 -8.3695
      2010 -8.3695
      2370 -8.3695
      2730 -8.3695
      3090 -8.3695
      3450 -8.3695
      3810 -8.3695
      4170 -8.3695
      4530 -8.3695
      4890 -8.3695
      5250 -8.3695
      5610 -8.3695
      5970 -8.3695
      6330 -8.3695
      6690 -8.3695
      7050 -8.3695
      7410 -8.3695
      7770 -8.3695
      8130 -8.3695
      8490 -8.3695
       330 -8.6260
       690 -8.6260
      1050 -8.6260
      1410 -8.6260
      1770 -8.6260
      2130 -8.6260
      2490 -8.6260
      2850 -8.6260
      3210 -8.6260
      3570 -8.6260
      3930 -8.6260
      4290 -8.6260
      4650 -8.6260
      5010 -8.6260
      5370 -8.6260
      5730 -8.6260
      6090 -8.6260
      6450 -8.6260
      6810 -8.6260
      7170 -8.6260
      7530 -8.6260
      7890 -8.6260
      8250 -8.6260
      8610 -8.6260
       240 -8.8330
       600 -8.8330
       960 -8.8330
      1320 -8.8330
      1680 -8.8330
      2040 -8.8330
      2400 -8.8330
      2760 -8.8330
      3120 -8.8330
      3480 -8.8330
      3840 -8.8330
      4200 -8.8330
      4560 -8.8330
      4920 -8.8330
      5280 -8.8330
      5640 -8.8330
      6000 -8.8330
      6360 -8.8330
      6720 -8.8330
      7080 -8.8330
      7440 -8.8330
      7800 -8.8330
      8160 -8.8330
      8520 -8.8330
       270 -9.4336
       300 -9.4336
       630 -9.4336
       660 -9.4336
       990 -9.4336
      1020 -9.4336
      1350 -9.4336
      1380 -9.4336
      1710 -9.4336
      1740 -9.4336
      2070 -9.4336
      2100 -9.4336
      2430 -9.4336
      2460 -9.4336
      2790 -9.4336
      2820 -9.4336
      3150 -9.4336
      3180 -9.4336
      3510 -9.4336
      3540 -9.4336
      3870 -9.4336
      3900 -9.4336
      4230 -9.4336
      4260 -9.4336
      4590 -9.4336
      4620 -9.4336
      4950 -9.4336
      4980 -9.4336
      5310 -9.4336
      5340 -9.4336
      5670 -9.4336
      5700 -9.4336
      6030 -9.4336
      6060 -9.4336
      6390 -9.4336
      6420 -9.4336
      6750 -9.4336
      6780 -9.4336
      7110 -9.4336
      7140 -9.4336
      7470 -9.4336
      7500 -9.4336
      7830 -9.4336
      7860 -9.4336
      8190 -9.4336
      8220 -9.4336
      8550 -9.4336
      8580 -9.4336
