# Well Pumping Time Series Data for Well 100310 : 100310
# Start Date 1991
# Transient Simulation
# Created on 04-Jun-2019 09:21:47
# Column-1: Time in days from start date
# Column-2: Pumping Volume in cubic meters
         0 0.0000
       120 -0.6525
       480 -0.6525
       840 -0.6525
      1200 -0.6525
      1560 -0.6525
      1920 -0.6525
      2280 -0.6525
      2640 -0.6525
      3000 -0.6525
      3360 -0.6525
      3720 -0.6525
      4080 -0.6525
      4440 -0.6525
      4800 -0.6525
      5160 -0.6525
      5520 -0.6525
      5880 -0.6525
      6240 -0.6525
      6600 -0.6525
      6960 -0.6525
      7320 -0.6525
      7680 -0.6525
      8040 -0.6525
      8400 -0.6525
        90 -0.6952
       450 -0.6952
       810 -0.6952
      1170 -0.6952
      1530 -0.6952
      1890 -0.6952
      2250 -0.6952
      2610 -0.6952
      2970 -0.6952
      3330 -0.6952
      3690 -0.6952
      4050 -0.6952
      4410 -0.6952
      4770 -0.6952
      5130 -0.6952
      5490 -0.6952
      5850 -0.6952
      6210 -0.6952
      6570 -0.6952
      6930 -0.6952
      7290 -0.6952
      7650 -0.6952
      8010 -0.6952
      8370 -0.6952
        60 -0.7058
       420 -0.7058
       780 -0.7058
      1140 -0.7058
      1500 -0.7058
      1860 -0.7058
      2220 -0.7058
      2580 -0.7058
      2940 -0.7058
      3300 -0.7058
      3660 -0.7058
      4020 -0.7058
      4380 -0.7058
      4740 -0.7058
      5100 -0.7058
      5460 -0.7058
      5820 -0.7058
      6180 -0.7058
      6540 -0.7058
      6900 -0.7058
      7260 -0.7058
      7620 -0.7058
      7980 -0.7058
      8340 -0.7058
       150 -0.7505
       510 -0.7505
       870 -0.7505
      1230 -0.7505
      1590 -0.7505
      1950 -0.7505
      2310 -0.7505
      2670 -0.7505
      3030 -0.7505
      3390 -0.7505
      3750 -0.7505
      4110 -0.7505
      4470 -0.7505
      4830 -0.7505
      5190 -0.7505
      5550 -0.7505
      5910 -0.7505
      6270 -0.7505
      6630 -0.7505
      6990 -0.7505
      7350 -0.7505
      7710 -0.7505
      8070 -0.7505
      8430 -0.7505
        30 -0.7854
       390 -0.7854
       750 -0.7854
      1110 -0.7854
      1470 -0.7854
      1830 -0.7854
      2190 -0.7854
      2550 -0.7854
      2910 -0.7854
      3270 -0.7854
      3630 -0.7854
      3990 -0.7854
      4350 -0.7854
      4710 -0.7854
      5070 -0.7854
      5430 -0.7854
      5790 -0.7854
      6150 -0.7854
      6510 -0.7854
      6870 -0.7854
      7230 -0.7854
      7590 -0.7854
      7950 -0.7854
      8310 -0.7854
       180 -0.8231
       540 -0.8231
       900 -0.8231
      1260 -0.8231
      1620 -0.8231
      1980 -0.8231
      2340 -0.8231
      2700 -0.8231
      3060 -0.8231
      3420 -0.8231
      3780 -0.8231
      4140 -0.8231
      4500 -0.8231
      4860 -0.8231
      5220 -0.8231
      5580 -0.8231
      5940 -0.8231
      6300 -0.8231
      6660 -0.8231
      7020 -0.8231
      7380 -0.8231
      7740 -0.8231
      8100 -0.8231
      8460 -0.8231
         1 -0.9632
       360 -0.9632
       720 -0.9632
      1080 -0.9632
      1440 -0.9632
      1800 -0.9632
      2160 -0.9632
      2520 -0.9632
      2880 -0.9632
      3240 -0.9632
      3600 -0.9632
      3960 -0.9632
      4320 -0.9632
      4680 -0.9632
      5040 -0.9632
      5400 -0.9632
      5760 -0.9632
      6120 -0.9632
      6480 -0.9632
      6840 -0.9632
      7200 -0.9632
      7560 -0.9632
      7920 -0.9632
      8280 -0.9632
       210 -1.0175
       570 -1.0175
       930 -1.0175
      1290 -1.0175
      1650 -1.0175
      2010 -1.0175
      2370 -1.0175
      2730 -1.0175
      3090 -1.0175
      3450 -1.0175
      3810 -1.0175
      4170 -1.0175
      4530 -1.0175
      4890 -1.0175
      5250 -1.0175
      5610 -1.0175
      5970 -1.0175
      6330 -1.0175
      6690 -1.0175
      7050 -1.0175
      7410 -1.0175
      7770 -1.0175
      8130 -1.0175
      8490 -1.0175
       330 -1.0486
       690 -1.0486
      1050 -1.0486
      1410 -1.0486
      1770 -1.0486
      2130 -1.0486
      2490 -1.0486
      2850 -1.0486
      3210 -1.0486
      3570 -1.0486
      3930 -1.0486
      4290 -1.0486
      4650 -1.0486
      5010 -1.0486
      5370 -1.0486
      5730 -1.0486
      6090 -1.0486
      6450 -1.0486
      6810 -1.0486
      7170 -1.0486
      7530 -1.0486
      7890 -1.0486
      8250 -1.0486
      8610 -1.0486
       240 -1.0738
       600 -1.0738
       960 -1.0738
      1320 -1.0738
      1680 -1.0738
      2040 -1.0738
      2400 -1.0738
      2760 -1.0738
      3120 -1.0738
      3480 -1.0738
      3840 -1.0738
      4200 -1.0738
      4560 -1.0738
      4920 -1.0738
      5280 -1.0738
      5640 -1.0738
      6000 -1.0738
      6360 -1.0738
      6720 -1.0738
      7080 -1.0738
      7440 -1.0738
      7800 -1.0738
      8160 -1.0738
      8520 -1.0738
       270 -1.1468
       300 -1.1468
       630 -1.1468
       660 -1.1468
       990 -1.1468
      1020 -1.1468
      1350 -1.1468
      1380 -1.1468
      1710 -1.1468
      1740 -1.1468
      2070 -1.1468
      2100 -1.1468
      2430 -1.1468
      2460 -1.1468
      2790 -1.1468
      2820 -1.1468
      3150 -1.1468
      3180 -1.1468
      3510 -1.1468
      3540 -1.1468
      3870 -1.1468
      3900 -1.1468
      4230 -1.1468
      4260 -1.1468
      4590 -1.1468
      4620 -1.1468
      4950 -1.1468
      4980 -1.1468
      5310 -1.1468
      5340 -1.1468
      5670 -1.1468
      5700 -1.1468
      6030 -1.1468
      6060 -1.1468
      6390 -1.1468
      6420 -1.1468
      6750 -1.1468
      6780 -1.1468
      7110 -1.1468
      7140 -1.1468
      7470 -1.1468
      7500 -1.1468
      7830 -1.1468
      7860 -1.1468
      8190 -1.1468
      8220 -1.1468
      8550 -1.1468
      8580 -1.1468
