# Well Pumping Time Series Data for Well DWR511785 : DWR511785
# Start Date 1991
# Transient Simulation
# Created on 04-Jun-2019 09:22:03
# Column-1: Time in days from start date
# Column-2: Pumping Volume in cubic meters
         0 0.0000
       120 -5.1356
       480 -5.1356
       840 -5.1356
      1200 -5.1356
      1560 -5.1356
      1920 -5.1356
      2280 -5.1356
      2640 -5.1356
      3000 -5.1356
      3360 -5.1356
      3720 -5.1356
      4080 -5.1356
      4440 -5.1356
      4800 -5.1356
      5160 -5.1356
      5520 -5.1356
      5880 -5.1356
      6240 -5.1356
      6600 -5.1356
      6960 -5.1356
      7320 -5.1356
      7680 -5.1356
      8040 -5.1356
      8400 -5.1356
        90 -5.4718
       450 -5.4718
       810 -5.4718
      1170 -5.4718
      1530 -5.4718
      1890 -5.4718
      2250 -5.4718
      2610 -5.4718
      2970 -5.4718
      3330 -5.4718
      3690 -5.4718
      4050 -5.4718
      4410 -5.4718
      4770 -5.4718
      5130 -5.4718
      5490 -5.4718
      5850 -5.4718
      6210 -5.4718
      6570 -5.4718
      6930 -5.4718
      7290 -5.4718
      7650 -5.4718
      8010 -5.4718
      8370 -5.4718
        60 -5.5555
       420 -5.5555
       780 -5.5555
      1140 -5.5555
      1500 -5.5555
      1860 -5.5555
      2220 -5.5555
      2580 -5.5555
      2940 -5.5555
      3300 -5.5555
      3660 -5.5555
      4020 -5.5555
      4380 -5.5555
      4740 -5.5555
      5100 -5.5555
      5460 -5.5555
      5820 -5.5555
      6180 -5.5555
      6540 -5.5555
      6900 -5.5555
      7260 -5.5555
      7620 -5.5555
      7980 -5.5555
      8340 -5.5555
       150 -5.9069
       510 -5.9069
       870 -5.9069
      1230 -5.9069
      1590 -5.9069
      1950 -5.9069
      2310 -5.9069
      2670 -5.9069
      3030 -5.9069
      3390 -5.9069
      3750 -5.9069
      4110 -5.9069
      4470 -5.9069
      4830 -5.9069
      5190 -5.9069
      5550 -5.9069
      5910 -5.9069
      6270 -5.9069
      6630 -5.9069
      6990 -5.9069
      7350 -5.9069
      7710 -5.9069
      8070 -5.9069
      8430 -5.9069
        30 -6.1819
       390 -6.1819
       750 -6.1819
      1110 -6.1819
      1470 -6.1819
      1830 -6.1819
      2190 -6.1819
      2550 -6.1819
      2910 -6.1819
      3270 -6.1819
      3630 -6.1819
      3990 -6.1819
      4350 -6.1819
      4710 -6.1819
      5070 -6.1819
      5430 -6.1819
      5790 -6.1819
      6150 -6.1819
      6510 -6.1819
      6870 -6.1819
      7230 -6.1819
      7590 -6.1819
      7950 -6.1819
      8310 -6.1819
       180 -6.4787
       540 -6.4787
       900 -6.4787
      1260 -6.4787
      1620 -6.4787
      1980 -6.4787
      2340 -6.4787
      2700 -6.4787
      3060 -6.4787
      3420 -6.4787
      3780 -6.4787
      4140 -6.4787
      4500 -6.4787
      4860 -6.4787
      5220 -6.4787
      5580 -6.4787
      5940 -6.4787
      6300 -6.4787
      6660 -6.4787
      7020 -6.4787
      7380 -6.4787
      7740 -6.4787
      8100 -6.4787
      8460 -6.4787
         1 -7.5814
       360 -7.5814
       720 -7.5814
      1080 -7.5814
      1440 -7.5814
      1800 -7.5814
      2160 -7.5814
      2520 -7.5814
      2880 -7.5814
      3240 -7.5814
      3600 -7.5814
      3960 -7.5814
      4320 -7.5814
      4680 -7.5814
      5040 -7.5814
      5400 -7.5814
      5760 -7.5814
      6120 -7.5814
      6480 -7.5814
      6840 -7.5814
      7200 -7.5814
      7560 -7.5814
      7920 -7.5814
      8280 -7.5814
       210 -8.0084
       570 -8.0084
       930 -8.0084
      1290 -8.0084
      1650 -8.0084
      2010 -8.0084
      2370 -8.0084
      2730 -8.0084
      3090 -8.0084
      3450 -8.0084
      3810 -8.0084
      4170 -8.0084
      4530 -8.0084
      4890 -8.0084
      5250 -8.0084
      5610 -8.0084
      5970 -8.0084
      6330 -8.0084
      6690 -8.0084
      7050 -8.0084
      7410 -8.0084
      7770 -8.0084
      8130 -8.0084
      8490 -8.0084
       330 -8.2539
       690 -8.2539
      1050 -8.2539
      1410 -8.2539
      1770 -8.2539
      2130 -8.2539
      2490 -8.2539
      2850 -8.2539
      3210 -8.2539
      3570 -8.2539
      3930 -8.2539
      4290 -8.2539
      4650 -8.2539
      5010 -8.2539
      5370 -8.2539
      5730 -8.2539
      6090 -8.2539
      6450 -8.2539
      6810 -8.2539
      7170 -8.2539
      7530 -8.2539
      7890 -8.2539
      8250 -8.2539
      8610 -8.2539
       240 -8.4519
       600 -8.4519
       960 -8.4519
      1320 -8.4519
      1680 -8.4519
      2040 -8.4519
      2400 -8.4519
      2760 -8.4519
      3120 -8.4519
      3480 -8.4519
      3840 -8.4519
      4200 -8.4519
      4560 -8.4519
      4920 -8.4519
      5280 -8.4519
      5640 -8.4519
      6000 -8.4519
      6360 -8.4519
      6720 -8.4519
      7080 -8.4519
      7440 -8.4519
      7800 -8.4519
      8160 -8.4519
      8520 -8.4519
       270 -9.0266
       300 -9.0266
       630 -9.0266
       660 -9.0266
       990 -9.0266
      1020 -9.0266
      1350 -9.0266
      1380 -9.0266
      1710 -9.0266
      1740 -9.0266
      2070 -9.0266
      2100 -9.0266
      2430 -9.0266
      2460 -9.0266
      2790 -9.0266
      2820 -9.0266
      3150 -9.0266
      3180 -9.0266
      3510 -9.0266
      3540 -9.0266
      3870 -9.0266
      3900 -9.0266
      4230 -9.0266
      4260 -9.0266
      4590 -9.0266
      4620 -9.0266
      4950 -9.0266
      4980 -9.0266
      5310 -9.0266
      5340 -9.0266
      5670 -9.0266
      5700 -9.0266
      6030 -9.0266
      6060 -9.0266
      6390 -9.0266
      6420 -9.0266
      6750 -9.0266
      6780 -9.0266
      7110 -9.0266
      7140 -9.0266
      7470 -9.0266
      7500 -9.0266
      7830 -9.0266
      7860 -9.0266
      8190 -9.0266
      8220 -9.0266
      8550 -9.0266
      8580 -9.0266
