# Well Pumping Time Series Data for Well XTRA4 : XTRA4
# Start Date 1991
# Transient Simulation
# Created on 04-Jun-2019 09:22:39
# Column-1: Time in days from start date
# Column-2: Pumping Volume in cubic meters
         0 0.0000
       120 -7.2542
       480 -7.2542
       840 -7.2542
      1200 -7.2542
      1560 -7.2542
      1920 -7.2542
      2280 -7.2542
      2640 -7.2542
      3000 -7.2542
      3360 -7.2542
      3720 -7.2542
      4080 -7.2542
      4440 -7.2542
      4800 -7.2542
      5160 -7.2542
      5520 -7.2542
      5880 -7.2542
      6240 -7.2542
      6600 -7.2542
      6960 -7.2542
      7320 -7.2542
      7680 -7.2542
      8040 -7.2542
      8400 -7.2542
        90 -7.7291
       450 -7.7291
       810 -7.7291
      1170 -7.7291
      1530 -7.7291
      1890 -7.7291
      2250 -7.7291
      2610 -7.7291
      2970 -7.7291
      3330 -7.7291
      3690 -7.7291
      4050 -7.7291
      4410 -7.7291
      4770 -7.7291
      5130 -7.7291
      5490 -7.7291
      5850 -7.7291
      6210 -7.7291
      6570 -7.7291
      6930 -7.7291
      7290 -7.7291
      7650 -7.7291
      8010 -7.7291
      8370 -7.7291
        60 -7.8474
       420 -7.8474
       780 -7.8474
      1140 -7.8474
      1500 -7.8474
      1860 -7.8474
      2220 -7.8474
      2580 -7.8474
      2940 -7.8474
      3300 -7.8474
      3660 -7.8474
      4020 -7.8474
      4380 -7.8474
      4740 -7.8474
      5100 -7.8474
      5460 -7.8474
      5820 -7.8474
      6180 -7.8474
      6540 -7.8474
      6900 -7.8474
      7260 -7.8474
      7620 -7.8474
      7980 -7.8474
      8340 -7.8474
       150 -8.3437
       510 -8.3437
       870 -8.3437
      1230 -8.3437
      1590 -8.3437
      1950 -8.3437
      2310 -8.3437
      2670 -8.3437
      3030 -8.3437
      3390 -8.3437
      3750 -8.3437
      4110 -8.3437
      4470 -8.3437
      4830 -8.3437
      5190 -8.3437
      5550 -8.3437
      5910 -8.3437
      6270 -8.3437
      6630 -8.3437
      6990 -8.3437
      7350 -8.3437
      7710 -8.3437
      8070 -8.3437
      8430 -8.3437
        30 -8.7322
       390 -8.7322
       750 -8.7322
      1110 -8.7322
      1470 -8.7322
      1830 -8.7322
      2190 -8.7322
      2550 -8.7322
      2910 -8.7322
      3270 -8.7322
      3630 -8.7322
      3990 -8.7322
      4350 -8.7322
      4710 -8.7322
      5070 -8.7322
      5430 -8.7322
      5790 -8.7322
      6150 -8.7322
      6510 -8.7322
      6870 -8.7322
      7230 -8.7322
      7590 -8.7322
      7950 -8.7322
      8310 -8.7322
       180 -9.1514
       540 -9.1514
       900 -9.1514
      1260 -9.1514
      1620 -9.1514
      1980 -9.1514
      2340 -9.1514
      2700 -9.1514
      3060 -9.1514
      3420 -9.1514
      3780 -9.1514
      4140 -9.1514
      4500 -9.1514
      4860 -9.1514
      5220 -9.1514
      5580 -9.1514
      5940 -9.1514
      6300 -9.1514
      6660 -9.1514
      7020 -9.1514
      7380 -9.1514
      7740 -9.1514
      8100 -9.1514
      8460 -9.1514
         1 -10.7091
       360 -10.7091
       720 -10.7091
      1080 -10.7091
      1440 -10.7091
      1800 -10.7091
      2160 -10.7091
      2520 -10.7091
      2880 -10.7091
      3240 -10.7091
      3600 -10.7091
      3960 -10.7091
      4320 -10.7091
      4680 -10.7091
      5040 -10.7091
      5400 -10.7091
      5760 -10.7091
      6120 -10.7091
      6480 -10.7091
      6840 -10.7091
      7200 -10.7091
      7560 -10.7091
      7920 -10.7091
      8280 -10.7091
       210 -11.3122
       570 -11.3122
       930 -11.3122
      1290 -11.3122
      1650 -11.3122
      2010 -11.3122
      2370 -11.3122
      2730 -11.3122
      3090 -11.3122
      3450 -11.3122
      3810 -11.3122
      4170 -11.3122
      4530 -11.3122
      4890 -11.3122
      5250 -11.3122
      5610 -11.3122
      5970 -11.3122
      6330 -11.3122
      6690 -11.3122
      7050 -11.3122
      7410 -11.3122
      7770 -11.3122
      8130 -11.3122
      8490 -11.3122
       330 -11.6589
       690 -11.6589
      1050 -11.6589
      1410 -11.6589
      1770 -11.6589
      2130 -11.6589
      2490 -11.6589
      2850 -11.6589
      3210 -11.6589
      3570 -11.6589
      3930 -11.6589
      4290 -11.6589
      4650 -11.6589
      5010 -11.6589
      5370 -11.6589
      5730 -11.6589
      6090 -11.6589
      6450 -11.6589
      6810 -11.6589
      7170 -11.6589
      7530 -11.6589
      7890 -11.6589
      8250 -11.6589
      8610 -11.6589
       240 -11.9387
       600 -11.9387
       960 -11.9387
      1320 -11.9387
      1680 -11.9387
      2040 -11.9387
      2400 -11.9387
      2760 -11.9387
      3120 -11.9387
      3480 -11.9387
      3840 -11.9387
      4200 -11.9387
      4560 -11.9387
      4920 -11.9387
      5280 -11.9387
      5640 -11.9387
      6000 -11.9387
      6360 -11.9387
      6720 -11.9387
      7080 -11.9387
      7440 -11.9387
      7800 -11.9387
      8160 -11.9387
      8520 -11.9387
       270 -12.7505
       300 -12.7505
       630 -12.7505
       660 -12.7505
       990 -12.7505
      1020 -12.7505
      1350 -12.7505
      1380 -12.7505
      1710 -12.7505
      1740 -12.7505
      2070 -12.7505
      2100 -12.7505
      2430 -12.7505
      2460 -12.7505
      2790 -12.7505
      2820 -12.7505
      3150 -12.7505
      3180 -12.7505
      3510 -12.7505
      3540 -12.7505
      3870 -12.7505
      3900 -12.7505
      4230 -12.7505
      4260 -12.7505
      4590 -12.7505
      4620 -12.7505
      4950 -12.7505
      4980 -12.7505
      5310 -12.7505
      5340 -12.7505
      5670 -12.7505
      5700 -12.7505
      6030 -12.7505
      6060 -12.7505
      6390 -12.7505
      6420 -12.7505
      6750 -12.7505
      6780 -12.7505
      7110 -12.7505
      7140 -12.7505
      7470 -12.7505
      7500 -12.7505
      7830 -12.7505
      7860 -12.7505
      8190 -12.7505
      8220 -12.7505
      8550 -12.7505
      8580 -12.7505
