# Well Pumping Time Series Data for Well 100611 : 100611
# Start Date 1991
# Transient Simulation
# Created on 04-Jun-2019 09:21:51
# Column-1: Time in days from start date
# Column-2: Pumping Volume in cubic meters
         0 0.0000
       120 -22.4576
       480 -22.4576
       840 -22.4576
      1200 -22.4576
      1560 -22.4576
      1920 -22.4576
      2280 -22.4576
      2640 -22.4576
      3000 -22.4576
      3360 -22.4576
      3720 -22.4576
      4080 -22.4576
      4440 -22.4576
      4800 -22.4576
      5160 -22.4576
      5520 -22.4576
      5880 -22.4576
      6240 -22.4576
      6600 -22.4576
      6960 -22.4576
      7320 -22.4576
      7680 -22.4576
      8040 -22.4576
      8400 -22.4576
        90 -23.9280
       450 -23.9280
       810 -23.9280
      1170 -23.9280
      1530 -23.9280
      1890 -23.9280
      2250 -23.9280
      2610 -23.9280
      2970 -23.9280
      3330 -23.9280
      3690 -23.9280
      4050 -23.9280
      4410 -23.9280
      4770 -23.9280
      5130 -23.9280
      5490 -23.9280
      5850 -23.9280
      6210 -23.9280
      6570 -23.9280
      6930 -23.9280
      7290 -23.9280
      7650 -23.9280
      8010 -23.9280
      8370 -23.9280
        60 -24.2940
       420 -24.2940
       780 -24.2940
      1140 -24.2940
      1500 -24.2940
      1860 -24.2940
      2220 -24.2940
      2580 -24.2940
      2940 -24.2940
      3300 -24.2940
      3660 -24.2940
      4020 -24.2940
      4380 -24.2940
      4740 -24.2940
      5100 -24.2940
      5460 -24.2940
      5820 -24.2940
      6180 -24.2940
      6540 -24.2940
      6900 -24.2940
      7260 -24.2940
      7620 -24.2940
      7980 -24.2940
      8340 -24.2940
       150 -25.8304
       510 -25.8304
       870 -25.8304
      1230 -25.8304
      1590 -25.8304
      1950 -25.8304
      2310 -25.8304
      2670 -25.8304
      3030 -25.8304
      3390 -25.8304
      3750 -25.8304
      4110 -25.8304
      4470 -25.8304
      4830 -25.8304
      5190 -25.8304
      5550 -25.8304
      5910 -25.8304
      6270 -25.8304
      6630 -25.8304
      6990 -25.8304
      7350 -25.8304
      7710 -25.8304
      8070 -25.8304
      8430 -25.8304
        30 -27.0333
       390 -27.0333
       750 -27.0333
      1110 -27.0333
      1470 -27.0333
      1830 -27.0333
      2190 -27.0333
      2550 -27.0333
      2910 -27.0333
      3270 -27.0333
      3630 -27.0333
      3990 -27.0333
      4350 -27.0333
      4710 -27.0333
      5070 -27.0333
      5430 -27.0333
      5790 -27.0333
      6150 -27.0333
      6510 -27.0333
      6870 -27.0333
      7230 -27.0333
      7590 -27.0333
      7950 -27.0333
      8310 -27.0333
       180 -28.3311
       540 -28.3311
       900 -28.3311
      1260 -28.3311
      1620 -28.3311
      1980 -28.3311
      2340 -28.3311
      2700 -28.3311
      3060 -28.3311
      3420 -28.3311
      3780 -28.3311
      4140 -28.3311
      4500 -28.3311
      4860 -28.3311
      5220 -28.3311
      5580 -28.3311
      5940 -28.3311
      6300 -28.3311
      6660 -28.3311
      7020 -28.3311
      7380 -28.3311
      7740 -28.3311
      8100 -28.3311
      8460 -28.3311
         1 -33.1533
       360 -33.1533
       720 -33.1533
      1080 -33.1533
      1440 -33.1533
      1800 -33.1533
      2160 -33.1533
      2520 -33.1533
      2880 -33.1533
      3240 -33.1533
      3600 -33.1533
      3960 -33.1533
      4320 -33.1533
      4680 -33.1533
      5040 -33.1533
      5400 -33.1533
      5760 -33.1533
      6120 -33.1533
      6480 -33.1533
      6840 -33.1533
      7200 -33.1533
      7560 -33.1533
      7920 -33.1533
      8280 -33.1533
       210 -35.0206
       570 -35.0206
       930 -35.0206
      1290 -35.0206
      1650 -35.0206
      2010 -35.0206
      2370 -35.0206
      2730 -35.0206
      3090 -35.0206
      3450 -35.0206
      3810 -35.0206
      4170 -35.0206
      4530 -35.0206
      4890 -35.0206
      5250 -35.0206
      5610 -35.0206
      5970 -35.0206
      6330 -35.0206
      6690 -35.0206
      7050 -35.0206
      7410 -35.0206
      7770 -35.0206
      8130 -35.0206
      8490 -35.0206
       330 -36.0938
       690 -36.0938
      1050 -36.0938
      1410 -36.0938
      1770 -36.0938
      2130 -36.0938
      2490 -36.0938
      2850 -36.0938
      3210 -36.0938
      3570 -36.0938
      3930 -36.0938
      4290 -36.0938
      4650 -36.0938
      5010 -36.0938
      5370 -36.0938
      5730 -36.0938
      6090 -36.0938
      6450 -36.0938
      6810 -36.0938
      7170 -36.0938
      7530 -36.0938
      7890 -36.0938
      8250 -36.0938
      8610 -36.0938
       240 -36.9599
       600 -36.9599
       960 -36.9599
      1320 -36.9599
      1680 -36.9599
      2040 -36.9599
      2400 -36.9599
      2760 -36.9599
      3120 -36.9599
      3480 -36.9599
      3840 -36.9599
      4200 -36.9599
      4560 -36.9599
      4920 -36.9599
      5280 -36.9599
      5640 -36.9599
      6000 -36.9599
      6360 -36.9599
      6720 -36.9599
      7080 -36.9599
      7440 -36.9599
      7800 -36.9599
      8160 -36.9599
      8520 -36.9599
       270 -39.4731
       300 -39.4731
       630 -39.4731
       660 -39.4731
       990 -39.4731
      1020 -39.4731
      1350 -39.4731
      1380 -39.4731
      1710 -39.4731
      1740 -39.4731
      2070 -39.4731
      2100 -39.4731
      2430 -39.4731
      2460 -39.4731
      2790 -39.4731
      2820 -39.4731
      3150 -39.4731
      3180 -39.4731
      3510 -39.4731
      3540 -39.4731
      3870 -39.4731
      3900 -39.4731
      4230 -39.4731
      4260 -39.4731
      4590 -39.4731
      4620 -39.4731
      4950 -39.4731
      4980 -39.4731
      5310 -39.4731
      5340 -39.4731
      5670 -39.4731
      5700 -39.4731
      6030 -39.4731
      6060 -39.4731
      6390 -39.4731
      6420 -39.4731
      6750 -39.4731
      6780 -39.4731
      7110 -39.4731
      7140 -39.4731
      7470 -39.4731
      7500 -39.4731
      7830 -39.4731
      7860 -39.4731
      8190 -39.4731
      8220 -39.4731
      8550 -39.4731
      8580 -39.4731
