# Well Pumping Time Series Data for Well 100605 : 100605
# Start Date 1991
# Transient Simulation
# Created on 04-Jun-2019 09:21:50
# Column-1: Time in days from start date
# Column-2: Pumping Volume in cubic meters
         0 0.0000
       120 -1.7680
       480 -1.7680
       840 -1.7680
      1200 -1.7680
      1560 -1.7680
      1920 -1.7680
      2280 -1.7680
      2640 -1.7680
      3000 -1.7680
      3360 -1.7680
      3720 -1.7680
      4080 -1.7680
      4440 -1.7680
      4800 -1.7680
      5160 -1.7680
      5520 -1.7680
      5880 -1.7680
      6240 -1.7680
      6600 -1.7680
      6960 -1.7680
      7320 -1.7680
      7680 -1.7680
      8040 -1.7680
      8400 -1.7680
        90 -1.8837
       450 -1.8837
       810 -1.8837
      1170 -1.8837
      1530 -1.8837
      1890 -1.8837
      2250 -1.8837
      2610 -1.8837
      2970 -1.8837
      3330 -1.8837
      3690 -1.8837
      4050 -1.8837
      4410 -1.8837
      4770 -1.8837
      5130 -1.8837
      5490 -1.8837
      5850 -1.8837
      6210 -1.8837
      6570 -1.8837
      6930 -1.8837
      7290 -1.8837
      7650 -1.8837
      8010 -1.8837
      8370 -1.8837
        60 -1.9126
       420 -1.9126
       780 -1.9126
      1140 -1.9126
      1500 -1.9126
      1860 -1.9126
      2220 -1.9126
      2580 -1.9126
      2940 -1.9126
      3300 -1.9126
      3660 -1.9126
      4020 -1.9126
      4380 -1.9126
      4740 -1.9126
      5100 -1.9126
      5460 -1.9126
      5820 -1.9126
      6180 -1.9126
      6540 -1.9126
      6900 -1.9126
      7260 -1.9126
      7620 -1.9126
      7980 -1.9126
      8340 -1.9126
       150 -2.0335
       510 -2.0335
       870 -2.0335
      1230 -2.0335
      1590 -2.0335
      1950 -2.0335
      2310 -2.0335
      2670 -2.0335
      3030 -2.0335
      3390 -2.0335
      3750 -2.0335
      4110 -2.0335
      4470 -2.0335
      4830 -2.0335
      5190 -2.0335
      5550 -2.0335
      5910 -2.0335
      6270 -2.0335
      6630 -2.0335
      6990 -2.0335
      7350 -2.0335
      7710 -2.0335
      8070 -2.0335
      8430 -2.0335
        30 -2.1282
       390 -2.1282
       750 -2.1282
      1110 -2.1282
      1470 -2.1282
      1830 -2.1282
      2190 -2.1282
      2550 -2.1282
      2910 -2.1282
      3270 -2.1282
      3630 -2.1282
      3990 -2.1282
      4350 -2.1282
      4710 -2.1282
      5070 -2.1282
      5430 -2.1282
      5790 -2.1282
      6150 -2.1282
      6510 -2.1282
      6870 -2.1282
      7230 -2.1282
      7590 -2.1282
      7950 -2.1282
      8310 -2.1282
       180 -2.2304
       540 -2.2304
       900 -2.2304
      1260 -2.2304
      1620 -2.2304
      1980 -2.2304
      2340 -2.2304
      2700 -2.2304
      3060 -2.2304
      3420 -2.2304
      3780 -2.2304
      4140 -2.2304
      4500 -2.2304
      4860 -2.2304
      5220 -2.2304
      5580 -2.2304
      5940 -2.2304
      6300 -2.2304
      6660 -2.2304
      7020 -2.2304
      7380 -2.2304
      7740 -2.2304
      8100 -2.2304
      8460 -2.2304
         1 -2.6100
       360 -2.6100
       720 -2.6100
      1080 -2.6100
      1440 -2.6100
      1800 -2.6100
      2160 -2.6100
      2520 -2.6100
      2880 -2.6100
      3240 -2.6100
      3600 -2.6100
      3960 -2.6100
      4320 -2.6100
      4680 -2.6100
      5040 -2.6100
      5400 -2.6100
      5760 -2.6100
      6120 -2.6100
      6480 -2.6100
      6840 -2.6100
      7200 -2.6100
      7560 -2.6100
      7920 -2.6100
      8280 -2.6100
       210 -2.7570
       570 -2.7570
       930 -2.7570
      1290 -2.7570
      1650 -2.7570
      2010 -2.7570
      2370 -2.7570
      2730 -2.7570
      3090 -2.7570
      3450 -2.7570
      3810 -2.7570
      4170 -2.7570
      4530 -2.7570
      4890 -2.7570
      5250 -2.7570
      5610 -2.7570
      5970 -2.7570
      6330 -2.7570
      6690 -2.7570
      7050 -2.7570
      7410 -2.7570
      7770 -2.7570
      8130 -2.7570
      8490 -2.7570
       330 -2.8415
       690 -2.8415
      1050 -2.8415
      1410 -2.8415
      1770 -2.8415
      2130 -2.8415
      2490 -2.8415
      2850 -2.8415
      3210 -2.8415
      3570 -2.8415
      3930 -2.8415
      4290 -2.8415
      4650 -2.8415
      5010 -2.8415
      5370 -2.8415
      5730 -2.8415
      6090 -2.8415
      6450 -2.8415
      6810 -2.8415
      7170 -2.8415
      7530 -2.8415
      7890 -2.8415
      8250 -2.8415
      8610 -2.8415
       240 -2.9097
       600 -2.9097
       960 -2.9097
      1320 -2.9097
      1680 -2.9097
      2040 -2.9097
      2400 -2.9097
      2760 -2.9097
      3120 -2.9097
      3480 -2.9097
      3840 -2.9097
      4200 -2.9097
      4560 -2.9097
      4920 -2.9097
      5280 -2.9097
      5640 -2.9097
      6000 -2.9097
      6360 -2.9097
      6720 -2.9097
      7080 -2.9097
      7440 -2.9097
      7800 -2.9097
      8160 -2.9097
      8520 -2.9097
       270 -3.1075
       300 -3.1075
       630 -3.1075
       660 -3.1075
       990 -3.1075
      1020 -3.1075
      1350 -3.1075
      1380 -3.1075
      1710 -3.1075
      1740 -3.1075
      2070 -3.1075
      2100 -3.1075
      2430 -3.1075
      2460 -3.1075
      2790 -3.1075
      2820 -3.1075
      3150 -3.1075
      3180 -3.1075
      3510 -3.1075
      3540 -3.1075
      3870 -3.1075
      3900 -3.1075
      4230 -3.1075
      4260 -3.1075
      4590 -3.1075
      4620 -3.1075
      4950 -3.1075
      4980 -3.1075
      5310 -3.1075
      5340 -3.1075
      5670 -3.1075
      5700 -3.1075
      6030 -3.1075
      6060 -3.1075
      6390 -3.1075
      6420 -3.1075
      6750 -3.1075
      6780 -3.1075
      7110 -3.1075
      7140 -3.1075
      7470 -3.1075
      7500 -3.1075
      7830 -3.1075
      7860 -3.1075
      8190 -3.1075
      8220 -3.1075
      8550 -3.1075
      8580 -3.1075
