# Well Pumping Time Series Data for Well 100993 : 100993
# Start Date 1991
# Transient Simulation
# Created on 04-Jun-2019 09:21:57
# Column-1: Time in days from start date
# Column-2: Pumping Volume in cubic meters
         0 0.0000
       120 -3.5570
       480 -3.5570
       840 -3.5570
      1200 -3.5570
      1560 -3.5570
      1920 -3.5570
      2280 -3.5570
      2640 -3.5570
      3000 -3.5570
      3360 -3.5570
      3720 -3.5570
      4080 -3.5570
      4440 -3.5570
      4800 -3.5570
      5160 -3.5570
      5520 -3.5570
      5880 -3.5570
      6240 -3.5570
      6600 -3.5570
      6960 -3.5570
      7320 -3.5570
      7680 -3.5570
      8040 -3.5570
      8400 -3.5570
        90 -3.7899
       450 -3.7899
       810 -3.7899
      1170 -3.7899
      1530 -3.7899
      1890 -3.7899
      2250 -3.7899
      2610 -3.7899
      2970 -3.7899
      3330 -3.7899
      3690 -3.7899
      4050 -3.7899
      4410 -3.7899
      4770 -3.7899
      5130 -3.7899
      5490 -3.7899
      5850 -3.7899
      6210 -3.7899
      6570 -3.7899
      6930 -3.7899
      7290 -3.7899
      7650 -3.7899
      8010 -3.7899
      8370 -3.7899
        60 -3.8479
       420 -3.8479
       780 -3.8479
      1140 -3.8479
      1500 -3.8479
      1860 -3.8479
      2220 -3.8479
      2580 -3.8479
      2940 -3.8479
      3300 -3.8479
      3660 -3.8479
      4020 -3.8479
      4380 -3.8479
      4740 -3.8479
      5100 -3.8479
      5460 -3.8479
      5820 -3.8479
      6180 -3.8479
      6540 -3.8479
      6900 -3.8479
      7260 -3.8479
      7620 -3.8479
      7980 -3.8479
      8340 -3.8479
       150 -4.0912
       510 -4.0912
       870 -4.0912
      1230 -4.0912
      1590 -4.0912
      1950 -4.0912
      2310 -4.0912
      2670 -4.0912
      3030 -4.0912
      3390 -4.0912
      3750 -4.0912
      4110 -4.0912
      4470 -4.0912
      4830 -4.0912
      5190 -4.0912
      5550 -4.0912
      5910 -4.0912
      6270 -4.0912
      6630 -4.0912
      6990 -4.0912
      7350 -4.0912
      7710 -4.0912
      8070 -4.0912
      8430 -4.0912
        30 -4.2818
       390 -4.2818
       750 -4.2818
      1110 -4.2818
      1470 -4.2818
      1830 -4.2818
      2190 -4.2818
      2550 -4.2818
      2910 -4.2818
      3270 -4.2818
      3630 -4.2818
      3990 -4.2818
      4350 -4.2818
      4710 -4.2818
      5070 -4.2818
      5430 -4.2818
      5790 -4.2818
      6150 -4.2818
      6510 -4.2818
      6870 -4.2818
      7230 -4.2818
      7590 -4.2818
      7950 -4.2818
      8310 -4.2818
       180 -4.4873
       540 -4.4873
       900 -4.4873
      1260 -4.4873
      1620 -4.4873
      1980 -4.4873
      2340 -4.4873
      2700 -4.4873
      3060 -4.4873
      3420 -4.4873
      3780 -4.4873
      4140 -4.4873
      4500 -4.4873
      4860 -4.4873
      5220 -4.4873
      5580 -4.4873
      5940 -4.4873
      6300 -4.4873
      6660 -4.4873
      7020 -4.4873
      7380 -4.4873
      7740 -4.4873
      8100 -4.4873
      8460 -4.4873
         1 -5.2511
       360 -5.2511
       720 -5.2511
      1080 -5.2511
      1440 -5.2511
      1800 -5.2511
      2160 -5.2511
      2520 -5.2511
      2880 -5.2511
      3240 -5.2511
      3600 -5.2511
      3960 -5.2511
      4320 -5.2511
      4680 -5.2511
      5040 -5.2511
      5400 -5.2511
      5760 -5.2511
      6120 -5.2511
      6480 -5.2511
      6840 -5.2511
      7200 -5.2511
      7560 -5.2511
      7920 -5.2511
      8280 -5.2511
       210 -5.5468
       570 -5.5468
       930 -5.5468
      1290 -5.5468
      1650 -5.5468
      2010 -5.5468
      2370 -5.5468
      2730 -5.5468
      3090 -5.5468
      3450 -5.5468
      3810 -5.5468
      4170 -5.5468
      4530 -5.5468
      4890 -5.5468
      5250 -5.5468
      5610 -5.5468
      5970 -5.5468
      6330 -5.5468
      6690 -5.5468
      7050 -5.5468
      7410 -5.5468
      7770 -5.5468
      8130 -5.5468
      8490 -5.5468
       330 -5.7168
       690 -5.7168
      1050 -5.7168
      1410 -5.7168
      1770 -5.7168
      2130 -5.7168
      2490 -5.7168
      2850 -5.7168
      3210 -5.7168
      3570 -5.7168
      3930 -5.7168
      4290 -5.7168
      4650 -5.7168
      5010 -5.7168
      5370 -5.7168
      5730 -5.7168
      6090 -5.7168
      6450 -5.7168
      6810 -5.7168
      7170 -5.7168
      7530 -5.7168
      7890 -5.7168
      8250 -5.7168
      8610 -5.7168
       240 -5.8540
       600 -5.8540
       960 -5.8540
      1320 -5.8540
      1680 -5.8540
      2040 -5.8540
      2400 -5.8540
      2760 -5.8540
      3120 -5.8540
      3480 -5.8540
      3840 -5.8540
      4200 -5.8540
      4560 -5.8540
      4920 -5.8540
      5280 -5.8540
      5640 -5.8540
      6000 -5.8540
      6360 -5.8540
      6720 -5.8540
      7080 -5.8540
      7440 -5.8540
      7800 -5.8540
      8160 -5.8540
      8520 -5.8540
       270 -6.2521
       300 -6.2521
       630 -6.2521
       660 -6.2521
       990 -6.2521
      1020 -6.2521
      1350 -6.2521
      1380 -6.2521
      1710 -6.2521
      1740 -6.2521
      2070 -6.2521
      2100 -6.2521
      2430 -6.2521
      2460 -6.2521
      2790 -6.2521
      2820 -6.2521
      3150 -6.2521
      3180 -6.2521
      3510 -6.2521
      3540 -6.2521
      3870 -6.2521
      3900 -6.2521
      4230 -6.2521
      4260 -6.2521
      4590 -6.2521
      4620 -6.2521
      4950 -6.2521
      4980 -6.2521
      5310 -6.2521
      5340 -6.2521
      5670 -6.2521
      5700 -6.2521
      6030 -6.2521
      6060 -6.2521
      6390 -6.2521
      6420 -6.2521
      6750 -6.2521
      6780 -6.2521
      7110 -6.2521
      7140 -6.2521
      7470 -6.2521
      7500 -6.2521
      7830 -6.2521
      7860 -6.2521
      8190 -6.2521
      8220 -6.2521
      8550 -6.2521
      8580 -6.2521
