# Well Pumping Time Series Data for Well 101308 : 101308
# Start Date 1991
# Transient Simulation
# Created on 04-Jun-2019 09:22:01
# Column-1: Time in days from start date
# Column-2: Pumping Volume in cubic meters
         0 0.0000
       120 -115.7817
       480 -115.7817
       840 -115.7817
      1200 -115.7817
      1560 -115.7817
      1920 -115.7817
      2280 -115.7817
      2640 -115.7817
      3000 -115.7817
      3360 -115.7817
      3720 -115.7817
      4080 -115.7817
      4440 -115.7817
      4800 -115.7817
      5160 -115.7817
      5520 -115.7817
      5880 -115.7817
      6240 -115.7817
      6600 -115.7817
      6960 -115.7817
      7320 -115.7817
      7680 -115.7817
      8040 -115.7817
      8400 -115.7817
        90 -123.3625
       450 -123.3625
       810 -123.3625
      1170 -123.3625
      1530 -123.3625
      1890 -123.3625
      2250 -123.3625
      2610 -123.3625
      2970 -123.3625
      3330 -123.3625
      3690 -123.3625
      4050 -123.3625
      4410 -123.3625
      4770 -123.3625
      5130 -123.3625
      5490 -123.3625
      5850 -123.3625
      6210 -123.3625
      6570 -123.3625
      6930 -123.3625
      7290 -123.3625
      7650 -123.3625
      8010 -123.3625
      8370 -123.3625
        60 -125.2498
       420 -125.2498
       780 -125.2498
      1140 -125.2498
      1500 -125.2498
      1860 -125.2498
      2220 -125.2498
      2580 -125.2498
      2940 -125.2498
      3300 -125.2498
      3660 -125.2498
      4020 -125.2498
      4380 -125.2498
      4740 -125.2498
      5100 -125.2498
      5460 -125.2498
      5820 -125.2498
      6180 -125.2498
      6540 -125.2498
      6900 -125.2498
      7260 -125.2498
      7620 -125.2498
      7980 -125.2498
      8340 -125.2498
       150 -133.1706
       510 -133.1706
       870 -133.1706
      1230 -133.1706
      1590 -133.1706
      1950 -133.1706
      2310 -133.1706
      2670 -133.1706
      3030 -133.1706
      3390 -133.1706
      3750 -133.1706
      4110 -133.1706
      4470 -133.1706
      4830 -133.1706
      5190 -133.1706
      5550 -133.1706
      5910 -133.1706
      6270 -133.1706
      6630 -133.1706
      6990 -133.1706
      7350 -133.1706
      7710 -133.1706
      8070 -133.1706
      8430 -133.1706
        30 -139.3725
       390 -139.3725
       750 -139.3725
      1110 -139.3725
      1470 -139.3725
      1830 -139.3725
      2190 -139.3725
      2550 -139.3725
      2910 -139.3725
      3270 -139.3725
      3630 -139.3725
      3990 -139.3725
      4350 -139.3725
      4710 -139.3725
      5070 -139.3725
      5430 -139.3725
      5790 -139.3725
      6150 -139.3725
      6510 -139.3725
      6870 -139.3725
      7230 -139.3725
      7590 -139.3725
      7950 -139.3725
      8310 -139.3725
       180 -146.0632
       540 -146.0632
       900 -146.0632
      1260 -146.0632
      1620 -146.0632
      1980 -146.0632
      2340 -146.0632
      2700 -146.0632
      3060 -146.0632
      3420 -146.0632
      3780 -146.0632
      4140 -146.0632
      4500 -146.0632
      4860 -146.0632
      5220 -146.0632
      5580 -146.0632
      5940 -146.0632
      6300 -146.0632
      6660 -146.0632
      7020 -146.0632
      7380 -146.0632
      7740 -146.0632
      8100 -146.0632
      8460 -146.0632
         1 -170.9243
       360 -170.9243
       720 -170.9243
      1080 -170.9243
      1440 -170.9243
      1800 -170.9243
      2160 -170.9243
      2520 -170.9243
      2880 -170.9243
      3240 -170.9243
      3600 -170.9243
      3960 -170.9243
      4320 -170.9243
      4680 -170.9243
      5040 -170.9243
      5400 -170.9243
      5760 -170.9243
      6120 -170.9243
      6480 -170.9243
      6840 -170.9243
      7200 -170.9243
      7560 -170.9243
      7920 -170.9243
      8280 -170.9243
       210 -180.5511
       570 -180.5511
       930 -180.5511
      1290 -180.5511
      1650 -180.5511
      2010 -180.5511
      2370 -180.5511
      2730 -180.5511
      3090 -180.5511
      3450 -180.5511
      3810 -180.5511
      4170 -180.5511
      4530 -180.5511
      4890 -180.5511
      5250 -180.5511
      5610 -180.5511
      5970 -180.5511
      6330 -180.5511
      6690 -180.5511
      7050 -180.5511
      7410 -180.5511
      7770 -180.5511
      8130 -180.5511
      8490 -180.5511
       330 -186.0844
       690 -186.0844
      1050 -186.0844
      1410 -186.0844
      1770 -186.0844
      2130 -186.0844
      2490 -186.0844
      2850 -186.0844
      3210 -186.0844
      3570 -186.0844
      3930 -186.0844
      4290 -186.0844
      4650 -186.0844
      5010 -186.0844
      5370 -186.0844
      5730 -186.0844
      6090 -186.0844
      6450 -186.0844
      6810 -186.0844
      7170 -186.0844
      7530 -186.0844
      7890 -186.0844
      8250 -186.0844
      8610 -186.0844
       240 -190.5494
       600 -190.5494
       960 -190.5494
      1320 -190.5494
      1680 -190.5494
      2040 -190.5494
      2400 -190.5494
      2760 -190.5494
      3120 -190.5494
      3480 -190.5494
      3840 -190.5494
      4200 -190.5494
      4560 -190.5494
      4920 -190.5494
      5280 -190.5494
      5640 -190.5494
      6000 -190.5494
      6360 -190.5494
      6720 -190.5494
      7080 -190.5494
      7440 -190.5494
      7800 -190.5494
      8160 -190.5494
      8520 -190.5494
       270 -203.5065
       300 -203.5065
       630 -203.5065
       660 -203.5065
       990 -203.5065
      1020 -203.5065
      1350 -203.5065
      1380 -203.5065
      1710 -203.5065
      1740 -203.5065
      2070 -203.5065
      2100 -203.5065
      2430 -203.5065
      2460 -203.5065
      2790 -203.5065
      2820 -203.5065
      3150 -203.5065
      3180 -203.5065
      3510 -203.5065
      3540 -203.5065
      3870 -203.5065
      3900 -203.5065
      4230 -203.5065
      4260 -203.5065
      4590 -203.5065
      4620 -203.5065
      4950 -203.5065
      4980 -203.5065
      5310 -203.5065
      5340 -203.5065
      5670 -203.5065
      5700 -203.5065
      6030 -203.5065
      6060 -203.5065
      6390 -203.5065
      6420 -203.5065
      6750 -203.5065
      6780 -203.5065
      7110 -203.5065
      7140 -203.5065
      7470 -203.5065
      7500 -203.5065
      7830 -203.5065
      7860 -203.5065
      8190 -203.5065
      8220 -203.5065
      8550 -203.5065
      8580 -203.5065
