# Well Pumping Time Series Data for Well 101090 : 101090
# Start Date 1991
# Transient Simulation
# Created on 04-Jun-2019 09:21:58
# Column-1: Time in days from start date
# Column-2: Pumping Volume in cubic meters
         0 0.0000
       120 -23.8888
       480 -23.8888
       840 -23.8888
      1200 -23.8888
      1560 -23.8888
      1920 -23.8888
      2280 -23.8888
      2640 -23.8888
      3000 -23.8888
      3360 -23.8888
      3720 -23.8888
      4080 -23.8888
      4440 -23.8888
      4800 -23.8888
      5160 -23.8888
      5520 -23.8888
      5880 -23.8888
      6240 -23.8888
      6600 -23.8888
      6960 -23.8888
      7320 -23.8888
      7680 -23.8888
      8040 -23.8888
      8400 -23.8888
        90 -25.4529
       450 -25.4529
       810 -25.4529
      1170 -25.4529
      1530 -25.4529
      1890 -25.4529
      2250 -25.4529
      2610 -25.4529
      2970 -25.4529
      3330 -25.4529
      3690 -25.4529
      4050 -25.4529
      4410 -25.4529
      4770 -25.4529
      5130 -25.4529
      5490 -25.4529
      5850 -25.4529
      6210 -25.4529
      6570 -25.4529
      6930 -25.4529
      7290 -25.4529
      7650 -25.4529
      8010 -25.4529
      8370 -25.4529
        60 -25.8423
       420 -25.8423
       780 -25.8423
      1140 -25.8423
      1500 -25.8423
      1860 -25.8423
      2220 -25.8423
      2580 -25.8423
      2940 -25.8423
      3300 -25.8423
      3660 -25.8423
      4020 -25.8423
      4380 -25.8423
      4740 -25.8423
      5100 -25.8423
      5460 -25.8423
      5820 -25.8423
      6180 -25.8423
      6540 -25.8423
      6900 -25.8423
      7260 -25.8423
      7620 -25.8423
      7980 -25.8423
      8340 -25.8423
       150 -27.4766
       510 -27.4766
       870 -27.4766
      1230 -27.4766
      1590 -27.4766
      1950 -27.4766
      2310 -27.4766
      2670 -27.4766
      3030 -27.4766
      3390 -27.4766
      3750 -27.4766
      4110 -27.4766
      4470 -27.4766
      4830 -27.4766
      5190 -27.4766
      5550 -27.4766
      5910 -27.4766
      6270 -27.4766
      6630 -27.4766
      6990 -27.4766
      7350 -27.4766
      7710 -27.4766
      8070 -27.4766
      8430 -27.4766
        30 -28.7562
       390 -28.7562
       750 -28.7562
      1110 -28.7562
      1470 -28.7562
      1830 -28.7562
      2190 -28.7562
      2550 -28.7562
      2910 -28.7562
      3270 -28.7562
      3630 -28.7562
      3990 -28.7562
      4350 -28.7562
      4710 -28.7562
      5070 -28.7562
      5430 -28.7562
      5790 -28.7562
      6150 -28.7562
      6510 -28.7562
      6870 -28.7562
      7230 -28.7562
      7590 -28.7562
      7950 -28.7562
      8310 -28.7562
       180 -30.1367
       540 -30.1367
       900 -30.1367
      1260 -30.1367
      1620 -30.1367
      1980 -30.1367
      2340 -30.1367
      2700 -30.1367
      3060 -30.1367
      3420 -30.1367
      3780 -30.1367
      4140 -30.1367
      4500 -30.1367
      4860 -30.1367
      5220 -30.1367
      5580 -30.1367
      5940 -30.1367
      6300 -30.1367
      6660 -30.1367
      7020 -30.1367
      7380 -30.1367
      7740 -30.1367
      8100 -30.1367
      8460 -30.1367
         1 -35.2662
       360 -35.2662
       720 -35.2662
      1080 -35.2662
      1440 -35.2662
      1800 -35.2662
      2160 -35.2662
      2520 -35.2662
      2880 -35.2662
      3240 -35.2662
      3600 -35.2662
      3960 -35.2662
      4320 -35.2662
      4680 -35.2662
      5040 -35.2662
      5400 -35.2662
      5760 -35.2662
      6120 -35.2662
      6480 -35.2662
      6840 -35.2662
      7200 -35.2662
      7560 -35.2662
      7920 -35.2662
      8280 -35.2662
       210 -37.2524
       570 -37.2524
       930 -37.2524
      1290 -37.2524
      1650 -37.2524
      2010 -37.2524
      2370 -37.2524
      2730 -37.2524
      3090 -37.2524
      3450 -37.2524
      3810 -37.2524
      4170 -37.2524
      4530 -37.2524
      4890 -37.2524
      5250 -37.2524
      5610 -37.2524
      5970 -37.2524
      6330 -37.2524
      6690 -37.2524
      7050 -37.2524
      7410 -37.2524
      7770 -37.2524
      8130 -37.2524
      8490 -37.2524
       330 -38.3941
       690 -38.3941
      1050 -38.3941
      1410 -38.3941
      1770 -38.3941
      2130 -38.3941
      2490 -38.3941
      2850 -38.3941
      3210 -38.3941
      3570 -38.3941
      3930 -38.3941
      4290 -38.3941
      4650 -38.3941
      5010 -38.3941
      5370 -38.3941
      5730 -38.3941
      6090 -38.3941
      6450 -38.3941
      6810 -38.3941
      7170 -38.3941
      7530 -38.3941
      7890 -38.3941
      8250 -38.3941
      8610 -38.3941
       240 -39.3153
       600 -39.3153
       960 -39.3153
      1320 -39.3153
      1680 -39.3153
      2040 -39.3153
      2400 -39.3153
      2760 -39.3153
      3120 -39.3153
      3480 -39.3153
      3840 -39.3153
      4200 -39.3153
      4560 -39.3153
      4920 -39.3153
      5280 -39.3153
      5640 -39.3153
      6000 -39.3153
      6360 -39.3153
      6720 -39.3153
      7080 -39.3153
      7440 -39.3153
      7800 -39.3153
      8160 -39.3153
      8520 -39.3153
       270 -41.9887
       300 -41.9887
       630 -41.9887
       660 -41.9887
       990 -41.9887
      1020 -41.9887
      1350 -41.9887
      1380 -41.9887
      1710 -41.9887
      1740 -41.9887
      2070 -41.9887
      2100 -41.9887
      2430 -41.9887
      2460 -41.9887
      2790 -41.9887
      2820 -41.9887
      3150 -41.9887
      3180 -41.9887
      3510 -41.9887
      3540 -41.9887
      3870 -41.9887
      3900 -41.9887
      4230 -41.9887
      4260 -41.9887
      4590 -41.9887
      4620 -41.9887
      4950 -41.9887
      4980 -41.9887
      5310 -41.9887
      5340 -41.9887
      5670 -41.9887
      5700 -41.9887
      6030 -41.9887
      6060 -41.9887
      6390 -41.9887
      6420 -41.9887
      6750 -41.9887
      6780 -41.9887
      7110 -41.9887
      7140 -41.9887
      7470 -41.9887
      7500 -41.9887
      7830 -41.9887
      7860 -41.9887
      8190 -41.9887
      8220 -41.9887
      8550 -41.9887
      8580 -41.9887
