# Well Pumping Time Series Data for Well 101027 : 101027
# Start Date 1991
# Transient Simulation
# Created on 04-Jun-2019 09:21:58
# Column-1: Time in days from start date
# Column-2: Pumping Volume in cubic meters
         0 0.0000
       120 -4.7567
       480 -4.7567
       840 -4.7567
      1200 -4.7567
      1560 -4.7567
      1920 -4.7567
      2280 -4.7567
      2640 -4.7567
      3000 -4.7567
      3360 -4.7567
      3720 -4.7567
      4080 -4.7567
      4440 -4.7567
      4800 -4.7567
      5160 -4.7567
      5520 -4.7567
      5880 -4.7567
      6240 -4.7567
      6600 -4.7567
      6960 -4.7567
      7320 -4.7567
      7680 -4.7567
      8040 -4.7567
      8400 -4.7567
        90 -5.0682
       450 -5.0682
       810 -5.0682
      1170 -5.0682
      1530 -5.0682
      1890 -5.0682
      2250 -5.0682
      2610 -5.0682
      2970 -5.0682
      3330 -5.0682
      3690 -5.0682
      4050 -5.0682
      4410 -5.0682
      4770 -5.0682
      5130 -5.0682
      5490 -5.0682
      5850 -5.0682
      6210 -5.0682
      6570 -5.0682
      6930 -5.0682
      7290 -5.0682
      7650 -5.0682
      8010 -5.0682
      8370 -5.0682
        60 -5.1457
       420 -5.1457
       780 -5.1457
      1140 -5.1457
      1500 -5.1457
      1860 -5.1457
      2220 -5.1457
      2580 -5.1457
      2940 -5.1457
      3300 -5.1457
      3660 -5.1457
      4020 -5.1457
      4380 -5.1457
      4740 -5.1457
      5100 -5.1457
      5460 -5.1457
      5820 -5.1457
      6180 -5.1457
      6540 -5.1457
      6900 -5.1457
      7260 -5.1457
      7620 -5.1457
      7980 -5.1457
      8340 -5.1457
       150 -5.4711
       510 -5.4711
       870 -5.4711
      1230 -5.4711
      1590 -5.4711
      1950 -5.4711
      2310 -5.4711
      2670 -5.4711
      3030 -5.4711
      3390 -5.4711
      3750 -5.4711
      4110 -5.4711
      4470 -5.4711
      4830 -5.4711
      5190 -5.4711
      5550 -5.4711
      5910 -5.4711
      6270 -5.4711
      6630 -5.4711
      6990 -5.4711
      7350 -5.4711
      7710 -5.4711
      8070 -5.4711
      8430 -5.4711
        30 -5.7259
       390 -5.7259
       750 -5.7259
      1110 -5.7259
      1470 -5.7259
      1830 -5.7259
      2190 -5.7259
      2550 -5.7259
      2910 -5.7259
      3270 -5.7259
      3630 -5.7259
      3990 -5.7259
      4350 -5.7259
      4710 -5.7259
      5070 -5.7259
      5430 -5.7259
      5790 -5.7259
      6150 -5.7259
      6510 -5.7259
      6870 -5.7259
      7230 -5.7259
      7590 -5.7259
      7950 -5.7259
      8310 -5.7259
       180 -6.0008
       540 -6.0008
       900 -6.0008
      1260 -6.0008
      1620 -6.0008
      1980 -6.0008
      2340 -6.0008
      2700 -6.0008
      3060 -6.0008
      3420 -6.0008
      3780 -6.0008
      4140 -6.0008
      4500 -6.0008
      4860 -6.0008
      5220 -6.0008
      5580 -6.0008
      5940 -6.0008
      6300 -6.0008
      6660 -6.0008
      7020 -6.0008
      7380 -6.0008
      7740 -6.0008
      8100 -6.0008
      8460 -6.0008
         1 -7.0222
       360 -7.0222
       720 -7.0222
      1080 -7.0222
      1440 -7.0222
      1800 -7.0222
      2160 -7.0222
      2520 -7.0222
      2880 -7.0222
      3240 -7.0222
      3600 -7.0222
      3960 -7.0222
      4320 -7.0222
      4680 -7.0222
      5040 -7.0222
      5400 -7.0222
      5760 -7.0222
      6120 -7.0222
      6480 -7.0222
      6840 -7.0222
      7200 -7.0222
      7560 -7.0222
      7920 -7.0222
      8280 -7.0222
       210 -7.4177
       570 -7.4177
       930 -7.4177
      1290 -7.4177
      1650 -7.4177
      2010 -7.4177
      2370 -7.4177
      2730 -7.4177
      3090 -7.4177
      3450 -7.4177
      3810 -7.4177
      4170 -7.4177
      4530 -7.4177
      4890 -7.4177
      5250 -7.4177
      5610 -7.4177
      5970 -7.4177
      6330 -7.4177
      6690 -7.4177
      7050 -7.4177
      7410 -7.4177
      7770 -7.4177
      8130 -7.4177
      8490 -7.4177
       330 -7.6450
       690 -7.6450
      1050 -7.6450
      1410 -7.6450
      1770 -7.6450
      2130 -7.6450
      2490 -7.6450
      2850 -7.6450
      3210 -7.6450
      3570 -7.6450
      3930 -7.6450
      4290 -7.6450
      4650 -7.6450
      5010 -7.6450
      5370 -7.6450
      5730 -7.6450
      6090 -7.6450
      6450 -7.6450
      6810 -7.6450
      7170 -7.6450
      7530 -7.6450
      7890 -7.6450
      8250 -7.6450
      8610 -7.6450
       240 -7.8284
       600 -7.8284
       960 -7.8284
      1320 -7.8284
      1680 -7.8284
      2040 -7.8284
      2400 -7.8284
      2760 -7.8284
      3120 -7.8284
      3480 -7.8284
      3840 -7.8284
      4200 -7.8284
      4560 -7.8284
      4920 -7.8284
      5280 -7.8284
      5640 -7.8284
      6000 -7.8284
      6360 -7.8284
      6720 -7.8284
      7080 -7.8284
      7440 -7.8284
      7800 -7.8284
      8160 -7.8284
      8520 -7.8284
       270 -8.3607
       300 -8.3607
       630 -8.3607
       660 -8.3607
       990 -8.3607
      1020 -8.3607
      1350 -8.3607
      1380 -8.3607
      1710 -8.3607
      1740 -8.3607
      2070 -8.3607
      2100 -8.3607
      2430 -8.3607
      2460 -8.3607
      2790 -8.3607
      2820 -8.3607
      3150 -8.3607
      3180 -8.3607
      3510 -8.3607
      3540 -8.3607
      3870 -8.3607
      3900 -8.3607
      4230 -8.3607
      4260 -8.3607
      4590 -8.3607
      4620 -8.3607
      4950 -8.3607
      4980 -8.3607
      5310 -8.3607
      5340 -8.3607
      5670 -8.3607
      5700 -8.3607
      6030 -8.3607
      6060 -8.3607
      6390 -8.3607
      6420 -8.3607
      6750 -8.3607
      6780 -8.3607
      7110 -8.3607
      7140 -8.3607
      7470 -8.3607
      7500 -8.3607
      7830 -8.3607
      7860 -8.3607
      8190 -8.3607
      8220 -8.3607
      8550 -8.3607
      8580 -8.3607
