# Well Pumping Time Series Data for Well 100200 : 100200
# Start Date 1990
# Transient Simulation
# Created on 09-May-2017 20:26:31
# Column-1: Time in days from start date
# Column-2: Pumping Volume in cubic meters
         0  0.00
         1 -0.45
        30 -0.37
        60 -0.33
        90 -1.55
       120 -1.46
       150 -1.68
       180 -1.84
       210 -2.27
       240 -2.40
       270 -2.56
       300 -2.56
       330 -2.34
       360 -2.15
       390 -1.75
       420 -1.58
       450 -0.35
       480 -0.33
       510 -0.38
       540 -0.42
       570 -0.51
       600 -0.54
       630 -0.58
       660 -0.58
       690 -0.53
       720 -0.49
       750 -0.40
       780 -0.36
       810 -0.03
       840 -0.03
       870 -0.03
       900 -0.04
       930 -0.04
       960 -0.05
       990 -0.05
      1020 -0.05
      1050 -0.05
      1080 -0.04
      1110 -0.03
      1140 -0.03
      1170 -0.05
      1200 -0.05
      1230 -0.05
      1260 -0.06
      1290 -0.07
      1320 -0.07
      1350 -0.08
      1380 -0.08
      1410 -0.07
      1440 -0.07
      1470 -0.05
      1500 -0.05
      1530 -0.08
      1560 -0.08
      1590 -0.09
      1620 -0.10
      1650 -0.12
      1680 -0.13
      1710 -0.14
      1740 -0.14
      1770 -0.12
      1800 -0.11
      1830 -0.09
      1860 -0.08
      1890 -0.04
      1920 -0.04
      1950 -0.05
      1980 -0.05
      2010 -0.06
      2040 -0.07
      2070 -0.07
      2100 -0.07
      2130 -0.07
      2160 -0.06
      2190 -0.05
      2220 -0.04
      2250 -0.05
      2280 -0.04
      2310 -0.05
      2340 -0.05
      2370 -0.07
      2400 -0.07
      2430 -0.08
      2460 -0.08
      2490 -0.07
      2520 -0.06
      2550 -0.05
      2580 -0.05
      2610 -0.04
      2640 -0.04
      2670 -0.05
      2700 -0.05
      2730 -0.06
      2760 -0.07
      2790 -0.07
      2820 -0.07
      2850 -0.07
      2880 -0.06
      2910 -0.05
      2940 -0.04
      2970 -0.05
      3000 -0.04
      3030 -0.05
      3060 -0.05
      3090 -0.07
      3120 -0.07
      3150 -0.08
      3180 -0.08
      3210 -0.07
      3240 -0.06
      3270 -0.05
      3300 -0.05
      3330 -0.02
      3360 -0.01
      3390 -0.02
      3420 -0.02
      3450 -0.02
      3480 -0.02
      3510 -0.03
      3540 -0.03
      3570 -0.02
      3600 -0.02
      3630 -0.02
      3660 -0.02
      3690 -0.02
      3720 -0.01
      3750 -0.02
      3780 -0.02
      3810 -0.02
      3840 -0.02
      3870 -0.03
      3900 -0.03
      3930 -0.02
      3960 -0.02
      3990 -0.02
      4020 -0.02
      4050 -0.02
      4080 -0.01
      4110 -0.02
      4140 -0.02
      4170 -0.02
      4200 -0.02
      4230 -0.03
      4260 -0.03
      4290 -0.02
      4320 -0.02
      4350 -0.02
      4380 -0.02
      4410 -0.01
      4440 -0.01
      4470 -0.02
      4500 -0.02
      4530 -0.02
      4560 -0.02
      4590 -0.02
      4620 -0.02
      4650 -0.02
      4680 -0.02
      4710 -0.02
      4740 -0.01
      4770 -0.01
      4800 -0.01
      4830 -0.02
      4860 -0.02
      4890 -0.02
      4920 -0.02
      4950 -0.02
      4980 -0.02
      5010 -0.02
      5040 -0.02
      5070 -0.02
      5100 -0.01
      5130 -0.01
      5160 -0.01
      5190 -0.02
      5220 -0.02
      5250 -0.02
      5280 -0.02
      5310 -0.02
      5340 -0.02
      5370 -0.02
      5400 -0.02
      5430 -0.02
      5460 -0.01
      5490 -0.01
      5520 -0.01
      5550 -0.02
      5580 -0.02
      5610 -0.02
      5640 -0.02
      5670 -0.02
      5700 -0.02
      5730 -0.02
      5760 -0.02
      5790 -0.02
      5820 -0.01
      5850 -0.01
      5880 -0.01
      5910 -0.02
      5940 -0.02
      5970 -0.02
      6000 -0.02
      6030 -0.02
      6060 -0.02
      6090 -0.02
      6120 -0.02
      6150 -0.02
      6180 -0.01
      6210 -0.01
      6240 -0.01
      6270 -0.02
      6300 -0.02
      6330 -0.02
      6360 -0.02
      6390 -0.02
      6420 -0.02
      6450 -0.02
      6480 -0.02
      6510 -0.02
      6540 -0.01
      6570 -0.02
      6600 -0.01
      6630 -0.02
      6660 -0.02
      6690 -0.02
      6720 -0.02
      6750 -0.03
      6780 -0.03
      6810 -0.02
      6840 -0.02
      6870 -0.02
      6900 -0.02
      6930 -0.02
      6960 -0.01
      6990 -0.02
      7020 -0.02
      7050 -0.02
      7080 -0.02
      7110 -0.03
      7140 -0.03
      7170 -0.02
      7200 -0.02
      7230 -0.02
      7260 -0.02
      7290 -0.02
      7320 -0.01
      7350 -0.02
      7380 -0.02
      7410 -0.02
      7440 -0.02
      7470 -0.03
      7500 -0.03
      7530 -0.02
      7560 -0.02
      7590 -0.02
      7620 -0.02
      7650 -0.01
      7680 -0.01
      7710 -0.02
      7740 -0.02
      7770 -0.02
      7800 -0.02
      7830 -0.02
      7860 -0.02
      7890 -0.02
      7920 -0.02
      7950 -0.02
      7980 -0.01
      8010 -0.01
      8040 -0.01
      8070 -0.02
      8100 -0.02
      8130 -0.02
      8160 -0.02
      8190 -0.02
      8220 -0.02
      8250 -0.02
      8280 -0.02
      8310 -0.02
      8340 -0.01
      8370 -0.01
      8400 -0.01
      8430 -0.02
      8460 -0.02
      8490 -0.02
      8520 -0.02
      8550 -0.02
      8580 -0.02
      8610 -0.02
