# Well Pumping Time Series Data for Well 100831 : 100831
# Start Date 1990
# Transient Simulation
# Created on 09-May-2017 20:26:35
# Column-1: Time in days from start date
# Column-2: Pumping Volume in cubic meters
         0  0.00
      2970 -2.53
      3000 -2.37
      3030 -2.73
      3060 -2.99
      3090 -3.70
      3120 -3.90
      3150 -4.17
      3180 -4.17
      3210 -3.81
      3240 -3.50
      3270 -2.85
      3300 -2.56
      3690 -0.98
      3720 -0.92
      3750 -1.06
      3780 -1.16
      3810 -1.43
      3840 -1.51
      3870 -1.61
      3900 -1.61
      3930 -1.48
      3960 -1.36
      3990 -1.11
      4020 -0.99
      4050 -3.19
      4080 -3.00
      4110 -3.45
      4140 -3.78
      4170 -4.67
      4200 -4.93
      4230 -5.27
      4260 -5.27
      4290 -4.82
      4320 -4.42
      4350 -3.61
      4380 -3.24
      4410 -1.25
      4440 -1.17
      4470 -1.35
      4500 -1.48
      4530 -1.83
      4560 -1.93
      4590 -2.06
      4620 -2.06
      4650 -1.88
      4680 -1.73
      4710 -1.41
      4740 -1.27
      4770 -2.98
      4800 -2.80
      4830 -3.22
      4860 -3.53
      4890 -4.37
      4920 -4.61
      4950 -4.92
      4980 -4.92
      5010 -4.50
      5040 -4.14
      5070 -3.37
      5100 -3.03
      5130 -0.54
      5160 -0.51
      5190 -0.59
      5220 -0.64
      5250 -0.80
      5280 -0.84
      5310 -0.90
      5340 -0.90
      5370 -0.82
      5400 -0.75
      5430 -0.61
      5460 -0.55
      5490 -0.22
      5520 -0.21
      5550 -0.24
      5580 -0.26
      5610 -0.32
      5640 -0.34
      5670 -0.37
      5700 -0.37
      5730 -0.33
      5760 -0.31
      5790 -0.25
      5820 -0.23
      5850 -7.94
      5880 -7.45
      5910 -8.57
      5940 -9.40
      5970 -11.62
      6000 -12.26
      6030 -13.10
      6060 -13.10
      6090 -11.97
      6120 -11.00
      6150 -8.97
      6180 -8.06
      6570 -0.02
      6600 -0.01
      6630 -0.02
      6660 -0.02
      6690 -0.02
      6720 -0.02
      6750 -0.03
      6780 -0.03
      6810 -0.02
      6840 -0.02
      6870 -0.02
      6900 -0.02
      7650 -0.08
      7680 -0.07
      7710 -0.08
      7740 -0.09
      7770 -0.11
      7800 -0.12
      7830 -0.13
      7860 -0.13
      7890 -0.12
      7920 -0.11
      7950 -0.09
      7980 -0.08
      8010 -1.14
      8040 -1.07
      8070 -1.23
      8100 -1.35
      8130 -1.67
      8160 -1.76
      8190 -1.88
      8220 -1.88
      8250 -1.72
      8280 -1.58
      8310 -1.29
      8340 -1.16
      8370 -0.07
      8400 -0.07
      8430 -0.08
      8460 -0.09
      8490 -0.11
      8520 -0.11
      8550 -0.12
      8580 -0.12
      8610 -0.11
