# Well Pumping Time Series Data for Well 101247 : 101247
# Start Date 1991
# Transient Simulation
# Created on 02-Jul-2019 13:09:59
# Column-1: Time in days from start date
# Column-2: Pumping Volume in cubic meters
         0 0.0000
         1 -0.6214
        30 -0.5067
        60 -0.4554
        90 -0.4485
       120 -0.4209
       150 -0.4842
       180 -0.5310
       210 -0.6564
       240 -0.6928
       270 -0.7399
       300 -0.7399
       330 -0.6765
       360 -0.6214
       390 -0.5067
       420 -0.4554
       450 -0.4485
       480 -0.4209
       510 -0.4842
       540 -0.5310
       570 -0.6564
       600 -0.6928
       630 -0.7399
       660 -0.7399
       690 -0.6765
       720 -0.6214
       750 -0.5067
       780 -0.4554
       810 -0.4485
       840 -0.4209
       870 -0.4842
       900 -0.5310
       930 -0.6564
       960 -0.6928
       990 -0.7399
      1020 -0.7399
      1050 -0.6765
      1080 -0.6214
      1110 -0.5067
      1140 -0.4554
      1170 -0.4485
      1200 -0.4209
      1230 -0.4842
      1260 -0.5310
      1290 -0.6564
      1320 -0.6928
      1350 -0.7399
      1380 -0.7399
      1410 -0.6765
      1440 -0.6214
      1470 -0.5067
      1500 -0.4554
      1530 -0.4485
      1560 -0.4209
      1590 -0.4842
      1620 -0.5310
      1650 -0.6564
      1680 -0.6928
      1710 -0.7399
      1740 -0.7399
      1770 -0.6765
      1800 -0.6214
      1830 -0.5067
      1860 -0.4554
      1890 -0.4485
      1920 -0.4209
      1950 -0.4842
      1980 -0.5310
      2010 -0.6564
      2040 -0.6928
      2070 -0.7399
      2100 -0.7399
      2130 -0.6765
      2160 -0.6214
      2190 -0.5067
      2220 -0.4554
      2250 -0.4485
      2280 -0.4209
      2310 -0.4842
      2340 -0.5310
      2370 -0.6564
      2400 -0.6928
      2430 -0.7399
      2460 -0.7399
      2490 -0.6765
      2520 -0.6214
      2550 -0.5067
      2580 -0.4554
      2610 -0.4485
      2640 -0.4209
      2670 -0.4842
      2700 -0.5310
      2730 -0.6564
      2760 -0.6928
      2790 -0.7399
      2820 -0.7399
      2850 -0.6765
      2880 -0.6214
      2910 -0.5067
      2940 -0.4554
      2970 -0.4485
      3000 -0.4209
      3030 -0.4842
      3060 -0.5310
      3090 -0.6564
      3120 -0.6928
      3150 -0.7399
      3180 -0.7399
      3210 -0.6765
      3240 -0.6214
      3270 -0.5067
      3300 -0.4554
      3330 -0.4485
      3360 -0.4209
      3390 -0.4842
      3420 -0.5310
      3450 -0.6564
      3480 -0.6928
      3510 -0.7399
      3540 -0.7399
      3570 -0.6765
      3600 -0.6214
      3630 -0.5067
      3660 -0.4554
      3690 -0.4485
      3720 -0.4209
      3750 -0.4842
      3780 -0.5310
      3810 -0.6564
      3840 -0.6928
      3870 -0.7399
      3900 -0.7399
      3930 -0.6765
      3960 -0.6214
      3990 -0.5067
      4020 -0.4554
      4050 -0.4485
      4080 -0.4209
      4110 -0.4842
      4140 -0.5310
      4170 -0.6564
      4200 -0.6928
      4230 -0.7399
      4260 -0.7399
      4290 -0.6765
      4320 -0.6214
      4350 -0.5067
      4380 -0.4554
      4410 -0.4485
      4440 -0.4209
      4470 -0.4842
      4500 -0.5310
      4530 -0.6564
      4560 -0.6928
      4590 -0.7399
      4620 -0.7399
      4650 -0.6765
      4680 -0.6214
      4710 -0.5067
      4740 -0.4554
      4770 -0.4485
      4800 -0.4209
      4830 -0.4842
      4860 -0.5310
      4890 -0.6564
      4920 -0.6928
      4950 -0.7399
      4980 -0.7399
      5010 -0.6765
      5040 -0.6214
      5070 -0.5067
      5100 -0.4554
      5130 -0.4485
      5160 -0.4209
      5190 -0.4842
      5220 -0.5310
      5250 -0.6564
      5280 -0.6928
      5310 -0.7399
      5340 -0.7399
      5370 -0.6765
      5400 -0.6214
      5430 -0.5067
      5460 -0.4554
      5490 -0.4485
      5520 -0.4209
      5550 -0.4842
      5580 -0.5310
      5610 -0.6564
      5640 -0.6928
      5670 -0.7399
      5700 -0.7399
      5730 -0.6765
      5760 -0.6214
      5790 -0.5067
      5820 -0.4554
      5850 -0.4485
      5880 -0.4209
      5910 -0.4842
      5940 -0.5310
      5970 -0.6564
      6000 -0.6928
      6030 -0.7399
      6060 -0.7399
      6090 -0.6765
      6120 -0.6214
      6150 -0.5067
      6180 -0.4554
      6210 -0.4485
      6240 -0.4209
      6270 -0.4842
      6300 -0.5310
      6330 -0.6564
      6360 -0.6928
      6390 -0.7399
      6420 -0.7399
      6450 -0.6765
      6480 -0.6214
      6510 -0.5067
      6540 -0.4554
      6570 -0.4485
      6600 -0.4209
      6630 -0.4842
      6660 -0.5310
      6690 -0.6564
      6720 -0.6928
      6750 -0.7399
      6780 -0.7399
      6810 -0.6765
      6840 -0.6214
      6870 -0.5067
      6900 -0.4554
      6930 -0.4485
      6960 -0.4209
      6990 -0.4842
      7020 -0.5310
      7050 -0.6564
      7080 -0.6928
      7110 -0.7399
      7140 -0.7399
      7170 -0.6765
      7200 -0.6214
      7230 -0.5067
      7260 -0.4554
      7290 -0.4485
      7320 -0.4209
      7350 -0.4842
      7380 -0.5310
      7410 -0.6564
      7440 -0.6928
      7470 -0.7399
      7500 -0.7399
      7530 -0.6765
      7560 -0.6214
      7590 -0.5067
      7620 -0.4554
      7650 -0.4485
      7680 -0.4209
      7710 -0.4842
      7740 -0.5310
      7770 -0.6564
      7800 -0.6928
      7830 -0.7399
      7860 -0.7399
      7890 -0.6765
      7920 -0.6214
      7950 -0.5067
      7980 -0.4554
      8010 -0.4485
      8040 -0.4209
      8070 -0.4842
      8100 -0.5310
      8130 -0.6564
      8160 -0.6928
      8190 -0.7399
      8220 -0.7399
      8250 -0.6765
      8280 -0.6214
      8310 -0.5067
      8340 -0.4554
      8370 -0.4485
      8400 -0.4209
      8430 -0.4842
      8460 -0.5310
      8490 -0.6564
      8520 -0.6928
      8550 -0.7399
      8580 -0.7399
      8610 -0.6765
