# Well Pumping Time Series Data for Well 100887 : 100887
# Start Date 1991
# Transient Simulation
# Created on 23-Apr-2020 15:50:16
# Column-1: Time in days from start date
# Column-2: Pumping Volume in cubic meters
     0  0.00000
    89  0.00000
    90 -1.90360
   119 -1.90360
   120 -1.78660
   149 -1.78660
   150 -2.05500
   179 -2.05500
   180 -2.25390
   209 -2.25390
   210 -2.78610
   239 -2.78610
   240 -2.94040
   269 -2.94040
   270 -3.14030
   299 -3.14030
   300 -3.14030
   329 -3.14030
   330 -2.87150
   359 -2.87150
   360 -2.63750
   389 -2.63750
   390 -2.15070
   419 -2.15070
   420 -1.93270
   449 -1.93270
   450 -1.90360
   479 -1.90360
   480 -1.78660
   509 -1.78660
   510 -2.05500
   539 -2.05500
   540 -2.25390
   569 -2.25390
   570 -2.78610
   599 -2.78610
   600 -2.94040
   629 -2.94040
   630 -3.14030
   659 -3.14030
   660 -3.14030
   689 -3.14030
   690 -2.87150
   719 -2.87150
   720 -2.63750
   749 -2.63750
   750 -2.15070
   779 -2.15070
   780 -1.93270
   809 -1.93270
   810 -0.31340
   839 -0.31340
   840 -0.29420
   869 -0.29420
   870 -0.33840
   899 -0.33840
   900 -0.37110
   929 -0.37110
   930 -0.45880
   959 -0.45880
   960 -0.48420
   989 -0.48420
   990 -0.51710
  1019 -0.51710
  1020 -0.51710
  1049 -0.51710
  1050 -0.47280
  1079 -0.47280
  1080 -0.43430
  1109 -0.43430
  1110 -0.35410
  1139 -0.35410
  1140 -0.31820
  1169 -0.31820
  1170 -0.80730
  1199 -0.80730
  1200 -0.75770
  1229 -0.75770
  1230 -0.87150
  1259 -0.87150
  1260 -0.95590
  1289 -0.95590
  1290 -1.18160
  1319 -1.18160
  1320 -1.24700
  1349 -1.24700
  1350 -1.33180
  1379 -1.33180
  1380 -1.33180
  1409 -1.33180
  1410 -1.21780
  1439 -1.21780
  1440 -1.11860
  1469 -1.11860
  1470 -0.91210
  1499 -0.91210
  1500 -0.81970
  2249 -0.81970
  2250 -0.81040
  2279 -0.81040
  2280 -0.76060
  2309 -0.76060
  2310 -0.87480
  2339 -0.87480
  2340 -0.95950
  2369 -0.95950
  2370 -1.18610
  2399 -1.18610
  2400 -1.25170
  2429 -1.25170
  2430 -1.33680
  2459 -1.33680
  2460 -1.33680
  2489 -1.33680
  2490 -1.22240
  2519 -1.22240
  2520 -1.12280
  2549 -1.12280
  2550 -0.91550
  2579 -0.91550
  2580 -0.82280
  2969 -0.82280
  2970 -4.17830
  2999 -4.17830
  3000 -3.92160
  3029 -3.92160
  3030 -4.51050
  3059 -4.51050
  3060 -4.94720
  3089 -4.94720
  3090 -6.11530
  3119 -6.11530
  3120 -6.45400
  3149 -6.45400
  3150 -6.89280
  3179 -6.89280
  3180 -6.89280
  3209 -6.89280
  3210 -6.30270
  3239 -6.30270
  3240 -5.78930
  3269 -5.78930
  3270 -4.72060
  3299 -4.72060
  3300 -4.24230
  3329 -4.24230
  3330 -0.82570
  3359 -0.82570
  3360 -0.77490
  3389 -0.77490
  3390 -0.89130
  3419 -0.89130
  3420 -0.97760
  3449 -0.97760
  3450 -1.20840
  3479 -1.20840
  3480 -1.27530
  3509 -1.27530
  3510 -1.36210
  3539 -1.36210
  3540 -1.36210
  3569 -1.36210
  3570 -1.24550
  3599 -1.24550
  3600 -1.14400
  3629 -1.14400
  3630 -0.93280
  3659 -0.93280
  3660 -0.83830
  3689 -0.83830
  3690 -0.52750
  3719 -0.52750
  3720 -0.49510
  3749 -0.49510
  3750 -0.56940
  3779 -0.56940
  3780 -0.62460
  3809 -0.62460
  3810 -0.77210
  3839 -0.77210
  3840 -0.81480
  3869 -0.81480
  3870 -0.87020
  3899 -0.87020
  3900 -0.87020
  3929 -0.87020
  3930 -0.79570
  3959 -0.79570
  3960 -0.73090
  3989 -0.73090
  3990 -0.59600
  4019 -0.59600
  4020 -0.53560
  4049 -0.53560
  4050 -0.66590
  4079 -0.66590
  4080 -0.62500
  4109 -0.62500
  4110 -0.71880
  4139 -0.71880
  4140 -0.78840
  4169 -0.78840
  4170 -0.97460
  4199 -0.97460
  4200 -1.02850
  4229 -1.02850
  4230 -1.09850
  4259 -1.09850
  4260 -1.09850
  4289 -1.09850
  4290 -1.00440
  4319 -1.00440
  4320 -0.92260
  4349 -0.92260
  4350 -0.75230
  4379 -0.75230
  4380 -0.67610
  4409 -0.67610
  4410 -0.72150
  4439 -0.72150
  4440 -0.67720
  4469 -0.67720
  4470 -0.77890
  4499 -0.77890
  4500 -0.85430
  4529 -0.85430
  4530 -1.05600
  4559 -1.05600
  4560 -1.11450
  4589 -1.11450
  4590 -1.19020
  4619 -1.19020
  4620 -1.19020
  4649 -1.19020
  4650 -1.08830
  4679 -1.08830
  4680 -0.99970
  4709 -0.99970
  4710 -0.81510
  4739 -0.81510
  4740 -0.73250
  4769 -0.73250
  4770 -0.35540
  4799 -0.35540
  4800 -0.33360
  4829 -0.33360
  4830 -0.38370
  4859 -0.38370
  4860 -0.42080
  4889 -0.42080
  4890 -0.52020
  4919 -0.52020
  4920 -0.54900
  4949 -0.54900
  4950 -0.58630
  4979 -0.58630
  4980 -0.58630
  5009 -0.58630
  5010 -0.53610
  5039 -0.53610
  5040 -0.49240
  5069 -0.49240
  5070 -0.40150
  5099 -0.40150
  5100 -0.36080
  5129 -0.36080
  5130 -0.74080
  5159 -0.74080
  5160 -0.69530
  5189 -0.69530
  5190 -0.79970
  5219 -0.79970
  5220 -0.87710
  5249 -0.87710
  5250 -1.08420
  5279 -1.08420
  5280 -1.14430
  5309 -1.14430
  5310 -1.22210
  5339 -1.22210
  5340 -1.22210
  5369 -1.22210
  5370 -1.11750
  5399 -1.11750
  5400 -1.02640
  5429 -1.02640
  5430 -0.83700
  5459 -0.83700
  5460 -0.75210
  5489 -0.75210
  5490 -3.34090
  5519 -3.34090
  5520 -3.13560
  5549 -3.13560
  5550 -3.60650
  5579 -3.60650
  5580 -3.95570
  5609 -3.95570
  5610 -4.88970
  5639 -4.88970
  5640 -5.16040
  5669 -5.16040
  5670 -5.51130
  5699 -5.51130
  5700 -5.51130
  5729 -5.51130
  5730 -5.03950
  5759 -5.03950
  5760 -4.62890
  5789 -4.62890
  5790 -3.77450
  5819 -3.77450
  5820 -3.39200
  5849 -3.39200
  5850 -5.79800
  5879 -5.79800
  5880 -5.44170
  5909 -5.44170
  5910 -6.25890
  5939 -6.25890
  5940 -6.86490
  5969 -6.86490
  5970 -8.48580
  5999 -8.48580
  6000 -8.95570
  6029 -8.95570
  6030 -9.56470
  6059 -9.56470
  6060 -9.56470
  6089 -9.56470
  6090 -8.74580
  6119 -8.74580
  6120 -8.03330
  6149 -8.03330
  6150 -6.55040
  6179 -6.55040
  6180 -5.88670
  6209 -5.88670
  6210 -10.01020
  6239 -10.01020
  6240 -9.39500
  6269 -9.39500
  6270 -10.80600
  6299 -10.80600
  6300 -11.85220
  6329 -11.85220
  6330 -14.65070
  6359 -14.65070
  6360 -15.46200
  6389 -15.46200
  6390 -16.51340
  6419 -16.51340
  6420 -16.51340
  6449 -16.51340
  6450 -15.09970
  6479 -15.09970
  6480 -13.86950
  6509 -13.86950
  6510 -11.30930
  6539 -11.30930
  6540 -10.16330
  6569 -10.16330
  6570 -7.35450
  6599 -7.35450
  6600 -6.90260
  6629 -6.90260
  6630 -7.93930
  6659 -7.93930
  6660 -8.70790
  6689 -8.70790
  6690 -10.76400
  6719 -10.76400
  6720 -11.36000
  6749 -11.36000
  6750 -12.13250
  6779 -12.13250
  6780 -12.13250
  6809 -12.13250
  6810 -11.09380
  6839 -11.09380
  6840 -10.19000
  6869 -10.19000
  6870 -8.30900
  6899 -8.30900
  6900 -7.46700
  6929 -7.46700
  6930 -4.51820
  6959 -4.51820
  6960 -4.24060
  6989 -4.24060
  6990 -4.87750
  7019 -4.87750
  7020 -5.34960
  7049 -5.34960
  7050 -6.61280
  7079 -6.61280
  7080 -6.97900
  7109 -6.97900
  7110 -7.45350
  7139 -7.45350
  7140 -7.45350
  7169 -7.45350
  7170 -6.81540
  7199 -6.81540
  7200 -6.26020
  7229 -6.26020
  7230 -5.10460
  7259 -5.10460
  7260 -4.58730
  7289 -4.58730
  7290 -5.33620
  7319 -5.33620
  7320 -5.00830
  7349 -5.00830
  7350 -5.76050
  7379 -5.76050
  7380 -6.31820
  7409 -6.31820
  7410 -7.81000
  7439 -7.81000
  7440 -8.24250
  7469 -8.24250
  7470 -8.80300
  7499 -8.80300
  7500 -8.80300
  7529 -8.80300
  7530 -8.04940
  7559 -8.04940
  7560 -7.39360
  7589 -7.39360
  7590 -6.02880
  7619 -6.02880
  7620 -5.41790
  7649 -5.41790
  7650 -6.77270
  7679 -6.77270
  7680 -6.35650
  7709 -6.35650
  7710 -7.31120
  7739 -7.31120
  7740 -8.01900
  7769 -8.01900
  7770 -9.91240
  7799 -9.91240
  7800 -10.46130
  7829 -10.46130
  7830 -11.17270
  7859 -11.17270
  7860 -11.17270
  7889 -11.17270
  7890 -10.21620
  7919 -10.21620
  7920 -9.38390
  7949 -9.38390
  7950 -7.65170
  7979 -7.65170
  7980 -6.87630
  8009 -6.87630
  8010 -7.08750
  8039 -7.08750
  8040 -6.65200
  8069 -6.65200
  8070 -7.65100
  8099 -7.65100
  8100 -8.39170
  8129 -8.39170
  8130 -10.37310
  8159 -10.37310
  8160 -10.94760
  8189 -10.94760
  8190 -11.69200
  8219 -11.69200
  8220 -11.69200
  8249 -11.69200
  8250 -10.69100
  8279 -10.69100
  8280 -9.82010
  8309 -9.82010
  8310 -8.00730
  8339 -8.00730
  8340 -7.19590
  8369 -7.19590
  8370 -6.94570
  8399 -6.94570
  8400 -6.51880
  8429 -6.51880
  8430 -7.49790
  8459 -7.49790
  8460 -8.22380
  8489 -8.22380
  8490 -10.16550
  8519 -10.16550
  8520 -10.72850
  8549 -10.72850
  8550 -11.45800
  8579 -11.45800
  8580 -11.45800
  8609 -11.45800
  8610 -10.47710
  8639 -10.47710
  8640 -9.62350
  8669 -9.62350
  8670 -7.84710
  8699 -7.84710
  8700 -7.05190
