# Well Pumping Time Series Data for Well 100576 : 100576
# Start Date 1991
# Transient Simulation
# Created on 02-Jul-2019 13:09:50
# Column-1: Time in days from start date
# Column-2: Pumping Volume in cubic meters
         0 0.0000
         1 -4.0704
        30 -3.3190
        60 -2.9827
        90 -2.9377
       120 -2.7572
       150 -3.1713
       180 -3.4783
       210 -4.2996
       240 -4.5377
       270 -4.8463
       300 -4.8463
       330 -4.4314
       360 -4.0704
       390 -3.3190
       420 -2.9827
       450 -2.9377
       480 -2.7572
       510 -3.1713
       540 -3.4783
       570 -4.2996
       600 -4.5377
       630 -4.8463
       660 -4.8463
       690 -4.4314
       720 -4.0704
       750 -3.3190
       780 -2.9827
       810 -2.9377
       840 -2.7572
       870 -3.1713
       900 -3.4783
       930 -4.2996
       960 -4.5377
       990 -4.8463
      1020 -4.8463
      1050 -4.4314
      1080 -4.0704
      1110 -3.3190
      1140 -2.9827
      1170 -2.9377
      1200 -2.7572
      1230 -3.1713
      1260 -3.4783
      1290 -4.2996
      1320 -4.5377
      1350 -4.8463
      1380 -4.8463
      1410 -4.4314
      1440 -4.0704
      1470 -3.3190
      1500 -2.9827
      1530 -2.9377
      1560 -2.7572
      1590 -3.1713
      1620 -3.4783
      1650 -4.2996
      1680 -4.5377
      1710 -4.8463
      1740 -4.8463
      1770 -4.4314
      1800 -4.0704
      1830 -3.3190
      1860 -2.9827
      1890 -2.9377
      1920 -2.7572
      1950 -3.1713
      1980 -3.4783
      2010 -4.2996
      2040 -4.5377
      2070 -4.8463
      2100 -4.8463
      2130 -4.4314
      2160 -4.0704
      2190 -3.3190
      2220 -2.9827
      2250 -2.9377
      2280 -2.7572
      2310 -3.1713
      2340 -3.4783
      2370 -4.2996
      2400 -4.5377
      2430 -4.8463
      2460 -4.8463
      2490 -4.4314
      2520 -4.0704
      2550 -3.3190
      2580 -2.9827
      2610 -2.9377
      2640 -2.7572
      2670 -3.1713
      2700 -3.4783
      2730 -4.2996
      2760 -4.5377
      2790 -4.8463
      2820 -4.8463
      2850 -4.4314
      2880 -4.0704
      2910 -3.3190
      2940 -2.9827
      2970 -2.9377
      3000 -2.7572
      3030 -3.1713
      3060 -3.4783
      3090 -4.2996
      3120 -4.5377
      3150 -4.8463
      3180 -4.8463
      3210 -4.4314
      3240 -4.0704
      3270 -3.3190
      3300 -2.9827
      3330 -2.9377
      3360 -2.7572
      3390 -3.1713
      3420 -3.4783
      3450 -4.2996
      3480 -4.5377
      3510 -4.8463
      3540 -4.8463
      3570 -4.4314
      3600 -4.0704
      3630 -3.3190
      3660 -2.9827
      3690 -2.9377
      3720 -2.7572
      3750 -3.1713
      3780 -3.4783
      3810 -4.2996
      3840 -4.5377
      3870 -4.8463
      3900 -4.8463
      3930 -4.4314
      3960 -4.0704
      3990 -3.3190
      4020 -2.9827
      4050 -2.9377
      4080 -2.7572
      4110 -3.1713
      4140 -3.4783
      4170 -4.2996
      4200 -4.5377
      4230 -4.8463
      4260 -4.8463
      4290 -4.4314
      4320 -4.0704
      4350 -3.3190
      4380 -2.9827
      4410 -2.9377
      4440 -2.7572
      4470 -3.1713
      4500 -3.4783
      4530 -4.2996
      4560 -4.5377
      4590 -4.8463
      4620 -4.8463
      4650 -4.4314
      4680 -4.0704
      4710 -3.3190
      4740 -2.9827
      4770 -2.9377
      4800 -2.7572
      4830 -3.1713
      4860 -3.4783
      4890 -4.2996
      4920 -4.5377
      4950 -4.8463
      4980 -4.8463
      5010 -4.4314
      5040 -4.0704
      5070 -3.3190
      5100 -2.9827
      5130 -2.9377
      5160 -2.7572
      5190 -3.1713
      5220 -3.4783
      5250 -4.2996
      5280 -4.5377
      5310 -4.8463
      5340 -4.8463
      5370 -4.4314
      5400 -4.0704
      5430 -3.3190
      5460 -2.9827
      5490 -2.9377
      5520 -2.7572
      5550 -3.1713
      5580 -3.4783
      5610 -4.2996
      5640 -4.5377
      5670 -4.8463
      5700 -4.8463
      5730 -4.4314
      5760 -4.0704
      5790 -3.3190
      5820 -2.9827
      5850 -2.9377
      5880 -2.7572
      5910 -3.1713
      5940 -3.4783
      5970 -4.2996
      6000 -4.5377
      6030 -4.8463
      6060 -4.8463
      6090 -4.4314
      6120 -4.0704
      6150 -3.3190
      6180 -2.9827
      6210 -2.9377
      6240 -2.7572
      6270 -3.1713
      6300 -3.4783
      6330 -4.2996
      6360 -4.5377
      6390 -4.8463
      6420 -4.8463
      6450 -4.4314
      6480 -4.0704
      6510 -3.3190
      6540 -2.9827
      6570 -2.9377
      6600 -2.7572
      6630 -3.1713
      6660 -3.4783
      6690 -4.2996
      6720 -4.5377
      6750 -4.8463
      6780 -4.8463
      6810 -4.4314
      6840 -4.0704
      6870 -3.3190
      6900 -2.9827
      6930 -2.9377
      6960 -2.7572
      6990 -3.1713
      7020 -3.4783
      7050 -4.2996
      7080 -4.5377
      7110 -4.8463
      7140 -4.8463
      7170 -4.4314
      7200 -4.0704
      7230 -3.3190
      7260 -2.9827
      7290 -2.9377
      7320 -2.7572
      7350 -3.1713
      7380 -3.4783
      7410 -4.2996
      7440 -4.5377
      7470 -4.8463
      7500 -4.8463
      7530 -4.4314
      7560 -4.0704
      7590 -3.3190
      7620 -2.9827
      7650 -2.9377
      7680 -2.7572
      7710 -3.1713
      7740 -3.4783
      7770 -4.2996
      7800 -4.5377
      7830 -4.8463
      7860 -4.8463
      7890 -4.4314
      7920 -4.0704
      7950 -3.3190
      7980 -2.9827
      8010 -2.9377
      8040 -2.7572
      8070 -3.1713
      8100 -3.4783
      8130 -4.2996
      8160 -4.5377
      8190 -4.8463
      8220 -4.8463
      8250 -4.4314
      8280 -4.0704
      8310 -3.3190
      8340 -2.9827
      8370 -2.9377
      8400 -2.7572
      8430 -3.1713
      8460 -3.4783
      8490 -4.2996
      8520 -4.5377
      8550 -4.8463
      8580 -4.8463
      8610 -4.4314
