# Well Pumping Time Series Data for Well 100318 : 100318
# Start Date 1991
# Transient Simulation
# Created on 02-Jul-2019 13:09:48
# Column-1: Time in days from start date
# Column-2: Pumping Volume in cubic meters
         0 0.0000
         1 -1.9886
        30 -1.6215
        60 -1.4572
        90 -1.4352
       120 -1.3470
       150 -1.5493
       180 -1.6993
       210 -2.1006
       240 -2.2169
       270 -2.3676
       300 -2.3676
       330 -2.1650
       360 -1.9886
       390 -1.6215
       420 -1.4572
       450 -1.4352
       480 -1.3470
       510 -1.5493
       540 -1.6993
       570 -2.1006
       600 -2.2169
       630 -2.3676
       660 -2.3676
       690 -2.1650
       720 -1.9886
       750 -1.6215
       780 -1.4572
       810 -1.4352
       840 -1.3470
       870 -1.5493
       900 -1.6993
       930 -2.1006
       960 -2.2169
       990 -2.3676
      1020 -2.3676
      1050 -2.1650
      1080 -1.9886
      1110 -1.6215
      1140 -1.4572
      1170 -1.4352
      1200 -1.3470
      1230 -1.5493
      1260 -1.6993
      1290 -2.1006
      1320 -2.2169
      1350 -2.3676
      1380 -2.3676
      1410 -2.1650
      1440 -1.9886
      1470 -1.6215
      1500 -1.4572
      1530 -1.4352
      1560 -1.3470
      1590 -1.5493
      1620 -1.6993
      1650 -2.1006
      1680 -2.2169
      1710 -2.3676
      1740 -2.3676
      1770 -2.1650
      1800 -1.9886
      1830 -1.6215
      1860 -1.4572
      1890 -1.4352
      1920 -1.3470
      1950 -1.5493
      1980 -1.6993
      2010 -2.1006
      2040 -2.2169
      2070 -2.3676
      2100 -2.3676
      2130 -2.1650
      2160 -1.9886
      2190 -1.6215
      2220 -1.4572
      2250 -1.4352
      2280 -1.3470
      2310 -1.5493
      2340 -1.6993
      2370 -2.1006
      2400 -2.2169
      2430 -2.3676
      2460 -2.3676
      2490 -2.1650
      2520 -1.9886
      2550 -1.6215
      2580 -1.4572
      2610 -1.4352
      2640 -1.3470
      2670 -1.5493
      2700 -1.6993
      2730 -2.1006
      2760 -2.2169
      2790 -2.3676
      2820 -2.3676
      2850 -2.1650
      2880 -1.9886
      2910 -1.6215
      2940 -1.4572
      2970 -1.4352
      3000 -1.3470
      3030 -1.5493
      3060 -1.6993
      3090 -2.1006
      3120 -2.2169
      3150 -2.3676
      3180 -2.3676
      3210 -2.1650
      3240 -1.9886
      3270 -1.6215
      3300 -1.4572
      3330 -1.4352
      3360 -1.3470
      3390 -1.5493
      3420 -1.6993
      3450 -2.1006
      3480 -2.2169
      3510 -2.3676
      3540 -2.3676
      3570 -2.1650
      3600 -1.9886
      3630 -1.6215
      3660 -1.4572
      3690 -1.4352
      3720 -1.3470
      3750 -1.5493
      3780 -1.6993
      3810 -2.1006
      3840 -2.2169
      3870 -2.3676
      3900 -2.3676
      3930 -2.1650
      3960 -1.9886
      3990 -1.6215
      4020 -1.4572
      4050 -1.4352
      4080 -1.3470
      4110 -1.5493
      4140 -1.6993
      4170 -2.1006
      4200 -2.2169
      4230 -2.3676
      4260 -2.3676
      4290 -2.1650
      4320 -1.9886
      4350 -1.6215
      4380 -1.4572
      4410 -1.4352
      4440 -1.3470
      4470 -1.5493
      4500 -1.6993
      4530 -2.1006
      4560 -2.2169
      4590 -2.3676
      4620 -2.3676
      4650 -2.1650
      4680 -1.9886
      4710 -1.6215
      4740 -1.4572
      4770 -1.4352
      4800 -1.3470
      4830 -1.5493
      4860 -1.6993
      4890 -2.1006
      4920 -2.2169
      4950 -2.3676
      4980 -2.3676
      5010 -2.1650
      5040 -1.9886
      5070 -1.6215
      5100 -1.4572
      5130 -1.4352
      5160 -1.3470
      5190 -1.5493
      5220 -1.6993
      5250 -2.1006
      5280 -2.2169
      5310 -2.3676
      5340 -2.3676
      5370 -2.1650
      5400 -1.9886
      5430 -1.6215
      5460 -1.4572
      5490 -1.4352
      5520 -1.3470
      5550 -1.5493
      5580 -1.6993
      5610 -2.1006
      5640 -2.2169
      5670 -2.3676
      5700 -2.3676
      5730 -2.1650
      5760 -1.9886
      5790 -1.6215
      5820 -1.4572
      5850 -1.4352
      5880 -1.3470
      5910 -1.5493
      5940 -1.6993
      5970 -2.1006
      6000 -2.2169
      6030 -2.3676
      6060 -2.3676
      6090 -2.1650
      6120 -1.9886
      6150 -1.6215
      6180 -1.4572
      6210 -1.4352
      6240 -1.3470
      6270 -1.5493
      6300 -1.6993
      6330 -2.1006
      6360 -2.2169
      6390 -2.3676
      6420 -2.3676
      6450 -2.1650
      6480 -1.9886
      6510 -1.6215
      6540 -1.4572
      6570 -1.4352
      6600 -1.3470
      6630 -1.5493
      6660 -1.6993
      6690 -2.1006
      6720 -2.2169
      6750 -2.3676
      6780 -2.3676
      6810 -2.1650
      6840 -1.9886
      6870 -1.6215
      6900 -1.4572
      6930 -1.4352
      6960 -1.3470
      6990 -1.5493
      7020 -1.6993
      7050 -2.1006
      7080 -2.2169
      7110 -2.3676
      7140 -2.3676
      7170 -2.1650
      7200 -1.9886
      7230 -1.6215
      7260 -1.4572
      7290 -1.4352
      7320 -1.3470
      7350 -1.5493
      7380 -1.6993
      7410 -2.1006
      7440 -2.2169
      7470 -2.3676
      7500 -2.3676
      7530 -2.1650
      7560 -1.9886
      7590 -1.6215
      7620 -1.4572
      7650 -1.4352
      7680 -1.3470
      7710 -1.5493
      7740 -1.6993
      7770 -2.1006
      7800 -2.2169
      7830 -2.3676
      7860 -2.3676
      7890 -2.1650
      7920 -1.9886
      7950 -1.6215
      7980 -1.4572
      8010 -1.4352
      8040 -1.3470
      8070 -1.5493
      8100 -1.6993
      8130 -2.1006
      8160 -2.2169
      8190 -2.3676
      8220 -2.3676
      8250 -2.1650
      8280 -1.9886
      8310 -1.6215
      8340 -1.4572
      8370 -1.4352
      8400 -1.3470
      8430 -1.5493
      8460 -1.6993
      8490 -2.1006
      8520 -2.2169
      8550 -2.3676
      8580 -2.3676
      8610 -2.1650
