# Well Pumping Time Series Data for Well N5 : N5
# Start Date 1991
# Transient Simulation
# Created on 23-Apr-2020 15:50:27
# Column-1: Time in days from start date
# Column-2: Pumping Volume in cubic meters
     0  0.00000
  1769  0.00000
  1770 -18.23310
  1799 -18.23310
  1800 -6.43520
  1829 -6.43520
  1830 -4.29010
  1859 -4.29010
  1860 -4.29010
  1889 -4.29010
  1890 -6.60680
  1919 -6.60680
  1920 -6.60680
  1949 -6.60680
  1950 -5.66300
  1979 -5.66300
  1980 -3.77530
  2009 -3.77530
  2010 -3.77530
  2039 -3.77530
  2040 -1.88770
  2069 -1.88770
  2070 -6.60680
  2099 -6.60680
  2100 -9.43830
  2129 -9.43830
  2130 -16.04510
  2159 -16.04510
  2160 -5.66300
  2189 -5.66300
  2190 -3.77530
  2219 -3.77530
  2220 -3.77530
  2249 -3.77530
  2250 -7.50770
  2279 -7.50770
  2280 -7.50770
  2309 -7.50770
  2310 -6.43520
  2339 -6.43520
  2340 -4.29010
  2369 -4.29010
  2370 -4.29010
  2399 -4.29010
  2400 -2.14510
  2429 -2.14510
  2430 -7.50770
  2459 -7.50770
  2460 -10.72530
  2489 -10.72530
  2490 -18.23310
  2519 -18.23310
  2520 -6.43520
  2549 -6.43520
  2550 -4.29010
  2579 -4.29010
  2580 -4.29010
  2609 -4.29010
  2610 -8.63390
  2639 -8.63390
  2640 -8.63390
  2669 -8.63390
  2670 -7.40050
  2699 -7.40050
  2700 -4.93370
  2729 -4.93370
  2730 -4.93370
  2759 -4.93370
  2760 -2.46680
  2789 -2.46680
  2790 -8.63390
  2819 -8.63390
  2820 -12.33410
  2849 -12.33410
  2850 -20.96800
  2879 -20.96800
  2880 -7.40050
  2909 -7.40050
  2910 -4.93370
  2939 -4.93370
  2940 -4.93370
  2969 -4.93370
  2970 -8.03330
  2999 -8.03330
  3000 -8.03330
  3029 -8.03330
  3030 -6.88570
  3059 -6.88570
  3060 -4.59040
  3089 -4.59040
  3090 -4.59040
  3119 -4.59040
  3120 -2.29520
  3149 -2.29520
  3150 -8.03330
  3179 -8.03330
  3180 -11.47610
  3209 -11.47610
  3210 -19.50940
  3239 -19.50940
  3240 -6.88570
  3269 -6.88570
  3270 -4.59040
  3299 -4.59040
  3300 -4.59040
  3329 -4.59040
  3330 -7.73300
  3359 -7.73300
  3360 -7.73300
  3389 -7.73300
  3390 -6.62830
  3419 -6.62830
  3420 -4.41880
  3449 -4.41880
  3450 -4.41880
  3479 -4.41880
  3480 -2.20940
  3509 -2.20940
  3510 -7.73300
  3539 -7.73300
  3540 -11.04710
  3569 -11.04710
  3570 -18.78000
  3599 -18.78000
  3600 -6.62830
  3629 -6.62830
  3630 -4.41880
  3659 -4.41880
  3660 -4.41880
  3689 -4.41880
  3690 -7.50770
  3719 -7.50770
  3720 -7.50770
  3749 -7.50770
  3750 -6.43520
  3779 -6.43520
  3780 -4.29010
  3809 -4.29010
  3810 -4.29010
  3839 -4.29010
  3840 -2.14510
  3869 -2.14510
  3870 -7.50770
  3899 -7.50770
  3900 -10.72530
  3929 -10.72530
  3930 -18.23310
  3959 -18.23310
  3960 -6.43520
  3989 -6.43520
  3990 -4.29010
  4019 -4.29010
  4020 -4.29010
  4049 -4.29010
  4050 -8.33360
  4079 -8.33360
  4080 -8.33360
  4109 -8.33360
  4110 -7.14310
  4139 -7.14310
  4140 -4.76200
  4169 -4.76200
  4170 -4.76200
  4199 -4.76200
  4200 -2.38100
  4229 -2.38100
  4230 -8.33360
  4259 -8.33360
  4260 -11.90510
  4289 -11.90510
  4290 -20.23870
  4319 -20.23870
  4320 -7.14310
  4349 -7.14310
  4350 -4.76200
  4379 -4.76200
  4380 -4.76200
  4409 -4.76200
  4410 -7.50770
  4439 -7.50770
  4440 -7.50770
  4469 -7.50770
  4470 -6.43520
  4499 -6.43520
  4500 -4.29010
  4529 -4.29010
  4530 -4.29010
  4559 -4.29010
  4560 -2.14510
  4589 -2.14510
  4590 -7.50770
  4619 -7.50770
  4620 -10.72530
  4649 -10.72530
  4650 -18.23310
  4679 -18.23310
  4680 -6.43520
  4709 -6.43520
  4710 -4.29010
  4739 -4.29010
  4740 -4.29010
  4769 -4.29010
  4770 -7.88310
  4799 -7.88310
  4800 -7.88310
  4829 -7.88310
  4830 -6.75700
  4859 -6.75700
  4860 -4.50460
  4889 -4.50460
  4890 -4.50460
  4919 -4.50460
  4920 -2.25230
  4949 -2.25230
  4950 -7.88310
  4979 -7.88310
  4980 -11.26160
  5009 -11.26160
  5010 -19.14470
  5039 -19.14470
  5040 -6.75700
  5069 -6.75700
  5070 -4.50460
  5099 -4.50460
  5100 -4.50460
  5129 -4.50460
  5130 -7.50770
  5159 -7.50770
  5160 -7.50770
  5189 -7.50770
  5190 -6.43520
  5219 -6.43520
  5220 -4.29010
  5249 -4.29010
  5250 -4.29010
  5279 -4.29010
  5280 -2.14510
  5309 -2.14510
  5310 -7.50770
  5339 -7.50770
  5340 -10.72530
  5369 -10.72530
  5370 -18.23310
  5399 -18.23310
  5400 -6.43520
  5429 -6.43520
  5430 -4.29010
  5459 -4.29010
  5460 -4.29010
  5489 -4.29010
  5490 -9.38470
  5519 -9.38470
  5520 -9.38470
  5549 -9.38470
  5550 -8.04400
  5579 -8.04400
  5580 -5.36270
  5609 -5.36270
  5610 -5.36270
  5639 -5.36270
  5640 -2.68130
  5669 -2.68130
  5670 -9.38470
  5699 -9.38470
  5700 -13.40670
  5729 -13.40670
  5730 -22.79130
  5759 -22.79130
  5760 -8.04400
  5789 -8.04400
  5790 -5.36270
  5819 -5.36270
  5820 -5.36270
  5849 -5.36270
  5850 -8.10830
  5879 -8.10830
  5880 -8.10830
  5909 -8.10830
  5910 -6.95000
  5939 -6.95000
  5940 -4.63330
  5969 -4.63330
  5970 -4.63330
  5999 -4.63330
  6000 -2.31670
  6029 -2.31670
  6030 -8.10830
  6059 -8.10830
  6060 -11.58340
  6089 -11.58340
  6090 -19.69170
  6119 -19.69170
  6120 -6.95000
  6149 -6.95000
  6150 -4.63330
  6179 -4.63330
  6180 -4.63330
  6209 -4.63330
  6210 -9.00930
  6239 -9.00930
  6240 -9.00930
  6269 -9.00930
  6270 -7.72220
  6299 -7.72220
  6300 -5.14820
  6329 -5.14820
  6330 -5.14820
  6359 -5.14820
  6360 -2.57410
  6389 -2.57410
  6390 -9.00930
  6419 -9.00930
  6420 -12.87040
  6449 -12.87040
  6450 -21.87970
  6479 -21.87970
  6480 -7.72220
  6509 -7.72220
  6510 -5.14820
  6539 -5.14820
  6540 -5.14820
  6569 -5.14820
  6570 -10.88620
  6599 -10.88620
  6600 -10.88620
  6629 -10.88620
  6630 -9.33100
  6659 -9.33100
  6660 -6.22070
  6689 -6.22070
  6690 -6.22070
  6719 -6.22070
  6720 -3.11030
  6749 -3.11030
  6750 -10.88620
  6779 -10.88620
  6780 -15.55170
  6809 -15.55170
  6810 -26.43790
  6839 -26.43790
  6840 -9.33100
  6869 -9.33100
  6870 -6.22070
  6899 -6.22070
  6900 -6.22070
  6929 -6.22070
  6930 -8.63390
  6959 -8.63390
  6960 -8.63390
  6989 -8.63390
  6990 -7.40050
  7019 -7.40050
  7020 -4.93370
  7049 -4.93370
  7050 -4.93370
  7079 -4.93370
  7080 -2.46680
  7109 -2.46680
  7110 -8.63390
  7139 -8.63390
  7140 -12.33410
  7169 -12.33410
  7170 -20.96800
  7199 -20.96800
  7200 -7.40050
  7229 -7.40050
  7230 -4.93370
  7259 -4.93370
  7260 -4.93370
  7289 -4.93370
  7290 -4.29010
  7319 -4.29010
  7320 -2.14510
  7349 -2.14510
  7350 -3.21760
  7379 -3.21760
  7380 -2.14510
  7409 -2.14510
  7410 -6.43520
  7439 -6.43520
  7440 -2.14510
  7469 -2.14510
  7470 -2.14510
  7499 -2.14510
  7500 -7.50770
  7529 -7.50770
  7530 -5.36270
  7559 -5.36270
  7560 -5.36270
  7589 -5.36270
  7590 -2.14510
  7619 -2.14510
  7620 -2.14510
  7649 -2.14510
  7650 -4.29010
  7679 -4.29010
  7680 -5.36270
  7709 -5.36270
  7710 -5.36270
  7739 -5.36270
  7740 -9.65280
  7769 -9.65280
  7770 -19.30560
  7799 -19.30560
  7800 -5.36270
  7829 -5.36270
  7830 -3.21760
  7859 -3.21760
  7860 -3.21760
  7889 -3.21760
  7890 -3.21760
  7919 -3.21760
  7920 -3.21760
  7949 -3.21760
  7950 -2.14510
  7979 -2.14510
  7980 -2.14510
  8009 -2.14510
  8010 -4.29010
  8039 -4.29010
  8040 -5.36270
  8069 -5.36270
  8070 -5.36270
  8099 -5.36270
  8100 -9.65280
  8129 -9.65280
  8130 -19.30560
  8159 -19.30560
  8160 -5.36270
  8189 -5.36270
  8190 -3.21760
  8219 -3.21760
  8220 -3.21760
  8249 -3.21760
  8250 -3.21760
  8279 -3.21760
  8280 -2.14510
  8309 -2.14510
  8310 -2.14510
  8369 -2.14510
  8370 -2.14510
  8399 -2.14510
  8400 -1.07250
  8429 -1.07250
  8430 -2.14510
  8459 -2.14510
  8460 -2.14510
  8489 -2.14510
  8490 -1.07250
  8519 -1.07250
  8520 -2.14510
  8549 -2.14510
  8550 -3.21760
  8579 -3.21760
  8580 -2.14510
  8609 -2.14510
  8610 -2.14510
  8639 -2.14510
  8640 -1.07250
  8669 -1.07250
  8670 -1.07250
  8729 -1.07250
  8730 -1.07250
  8759 -1.07250
  8760 -1.07250
  8789 -1.07250
  8790 -1.07250
  8849 -1.07250
  8850 -1.07250
  8879 -1.07250
  8880 -1.07250
  8909 -1.07250
  8910 -2.14510
  8939 -2.14510
  8940 -3.21760
  8969 -3.21760
  8970 -2.14510
