# Well Pumping Time Series Data for Well 101092 : 101092
# Start Date 1991
# Transient Simulation
# Created on 02-Jul-2019 13:09:57
# Column-1: Time in days from start date
# Column-2: Pumping Volume in cubic meters
         0 0.0000
         1 -0.0000
        30 -0.0000
        60 -0.0000
        90 -0.0000
       120 -0.0000
       150 -0.0000
       180 -0.0000
       210 -0.0000
       240 -0.0000
       270 -0.0000
       300 -0.0000
       330 -0.0000
       360 -0.0000
       390 -0.0000
       420 -0.0000
       450 -0.0000
       480 -0.0000
       510 -0.0000
       540 -0.0000
       570 -0.0000
       600 -0.0000
       630 -0.0000
       660 -0.0000
       690 -0.0000
       720 -0.0000
       750 -0.0000
       780 -0.0000
       810 -0.0000
       840 -0.0000
       870 -0.0000
       900 -0.0000
       930 -0.0000
       960 -0.0000
       990 -0.0000
      1020 -0.0000
      1050 -0.0000
      1080 -0.0000
      1110 -0.0000
      1140 -0.0000
      1170 -0.0000
      1200 -0.0000
      1230 -0.0000
      1260 -0.0000
      1290 -0.0000
      1320 -0.0000
      1350 -0.0000
      1380 -0.0000
      1410 -0.0000
      1440 -0.0000
      1470 -0.0000
      1500 -0.0000
      1530 -0.0000
      1560 -0.0000
      1590 -0.0000
      1620 -0.0000
      1650 -0.0000
      1680 -0.0000
      1710 -0.0000
      1740 -0.0000
      1770 -0.0000
      1800 -0.0000
      1830 -0.0000
      1860 -0.0000
      1890 -0.0000
      1920 -0.0000
      1950 -0.0000
      1980 -0.0000
      2010 -0.0000
      2040 -0.0000
      2070 -0.0000
      2100 -0.0000
      2130 -0.0000
      2160 -0.0000
      2190 -0.0000
      2220 -0.0000
      2250 -0.0000
      2280 -0.0000
      2310 -0.0000
      2340 -0.0000
      2370 -0.0000
      2400 -0.0000
      2430 -0.0000
      2460 -0.0000
      2490 -0.0000
      2520 -0.0000
      2550 -0.0000
      2580 -0.0000
      2610 -0.0000
      2640 -0.0000
      2670 -0.0000
      2700 -0.0000
      2730 -0.0000
      2760 -0.0000
      2790 -0.0000
      2820 -0.0000
      2850 -0.0000
      2880 -0.0000
      2910 -0.0000
      2940 -0.0000
      2970 -0.0000
      3000 -0.0000
      3030 -0.0000
      3060 -0.0000
      3090 -0.0000
      3120 -0.0000
      3150 -0.0000
      3180 -0.0000
      3210 -0.0000
      3240 -0.0000
      3270 -0.0000
      3300 -0.0000
      3330 -0.0000
      3360 -0.0000
      3390 -0.0000
      3420 -0.0000
      3450 -0.0000
      3480 -0.0000
      3510 -0.0000
      3540 -0.0000
      3570 -0.0000
      3600 -0.0000
      3630 -0.0000
      3660 -0.0000
      3690 -0.0000
      3720 -0.0000
      3750 -0.0000
      3780 -0.0000
      3810 -0.0000
      3840 -0.0000
      3870 -0.0000
      3900 -0.0000
      3930 -0.0000
      3960 -0.0000
      3990 -0.0000
      4020 -0.0000
      4050 -0.0000
      4080 -0.0000
      4110 -0.0000
      4140 -0.0000
      4170 -0.0000
      4200 -0.0000
      4230 -0.0000
      4260 -0.0000
      4290 -0.0000
      4320 -0.0000
      4350 -0.0000
      4380 -0.0000
      4410 -0.0000
      4440 -0.0000
      4470 -0.0000
      4500 -0.0000
      4530 -0.0000
      4560 -0.0000
      4590 -0.0000
      4620 -0.0000
      4650 -0.0000
      4680 -0.0000
      4710 -0.0000
      4740 -0.0000
      4770 -0.0000
      4800 -0.0000
      4830 -0.0000
      4860 -0.0000
      4890 -0.0000
      4920 -0.0000
      4950 -0.0000
      4980 -0.0000
      5010 -0.0000
      5040 -0.0000
      5070 -0.0000
      5100 -0.0000
      5130 -0.0000
      5160 -0.0000
      5190 -0.0000
      5220 -0.0000
      5250 -0.0000
      5280 -0.0000
      5310 -0.0000
      5340 -0.0000
      5370 -0.0000
      5400 -0.0000
      5430 -0.0000
      5460 -0.0000
      5490 -0.0000
      5520 -0.0000
      5550 -0.0000
      5580 -0.0000
      5610 -0.0000
      5640 -0.0000
      5670 -0.0000
      5700 -0.0000
      5730 -0.0000
      5760 -0.0000
      5790 -0.0000
      5820 -0.0000
      5850 -0.0000
      5880 -0.0000
      5910 -0.0000
      5940 -0.0000
      5970 -0.0000
      6000 -0.0000
      6030 -0.0000
      6060 -0.0000
      6090 -0.0000
      6120 -0.0000
      6150 -0.0000
      6180 -0.0000
      6210 -0.0000
      6240 -0.0000
      6270 -0.0000
      6300 -0.0000
      6330 -0.0000
      6360 -0.0000
      6390 -0.0000
      6420 -0.0000
      6450 -0.0000
      6480 -0.0000
      6510 -0.0000
      6540 -0.0000
      6570 -0.0000
      6600 -0.0000
      6630 -0.0000
      6660 -0.0000
      6690 -0.0000
      6720 -0.0000
      6750 -0.0000
      6780 -0.0000
      6810 -0.0000
      6840 -0.0000
      6870 -0.0000
      6900 -0.0000
      6930 -0.0000
      6960 -0.0000
      6990 -0.0000
      7020 -0.0000
      7050 -0.0000
      7080 -0.0000
      7110 -0.0000
      7140 -0.0000
      7170 -0.0000
      7200 -0.0000
      7230 -0.0000
      7260 -0.0000
      7290 -0.0000
      7320 -0.0000
      7350 -0.0000
      7380 -0.0000
      7410 -0.0000
      7440 -0.0000
      7470 -0.0000
      7500 -0.0000
      7530 -0.0000
      7560 -0.0000
      7590 -0.0000
      7620 -0.0000
      7650 -0.0000
      7680 -0.0000
      7710 -0.0000
      7740 -0.0000
      7770 -0.0000
      7800 -0.0000
      7830 -0.0000
      7860 -0.0000
      7890 -0.0000
      7920 -0.0000
      7950 -0.0000
      7980 -0.0000
      8010 -0.0000
      8040 -0.0000
      8070 -0.0000
      8100 -0.0000
      8130 -0.0000
      8160 -0.0000
      8190 -0.0000
      8220 -0.0000
      8250 -0.0000
      8280 -0.0000
      8310 -0.0000
      8340 -0.0000
      8370 -455.3492
      8400 -427.3673
      8430 -491.5524
      8460 -539.1408
      8490 -666.4408
      8520 -703.3459
      8550 -751.1725
      8580 -751.1725
      8610 -686.8650
