# Well Pumping Time Series Data for Well T9A : T9A
# Start Date 1991
# Transient Simulation
# Created on 02-Jul-2019 13:10:40
# Column-1: Time in days from start date
# Column-2: Pumping Volume in cubic meters
         0 0.0000
         1 -3.0972
        30 -3.0972
        60 -3.0972
        90 -3.0972
       120 -3.0972
       150 -3.0972
       180 -3.0972
       210 -3.0972
       240 -3.0972
       270 -3.0972
       300 -3.0972
       330 -3.0972
       360 -3.0972
       390 -3.0972
       420 -3.0972
       450 -3.0972
       480 -3.0972
       510 -3.0972
       540 -3.0972
       570 -3.0972
       600 -3.0972
       630 -3.0972
       660 -3.0972
       690 -3.0972
       720 -3.0972
       750 -3.0972
       780 -3.0972
       810 -3.0972
       840 -3.0972
       870 -3.0972
       900 -3.0972
       930 -3.0972
       960 -3.0972
       990 -3.0972
      1020 -3.0972
      1050 -3.0972
      1080 -3.0972
      1110 -3.0972
      1140 -3.0972
      1170 -3.0972
      1200 -3.0972
      1230 -3.0972
      1260 -3.0972
      1290 -3.0972
      1320 -3.0972
      1350 -3.0972
      1380 -3.0972
      1410 -3.0972
      1440 -3.0972
      1470 -3.0972
      1500 -3.0972
      1530 -3.0972
      1560 -3.0972
      1590 -3.0972
      1620 -3.0972
      1650 -3.0972
      1680 -3.0972
      1710 -3.0972
      1740 -3.0972
      1770 -3.0972
      1800 -3.0972
      1830 -3.0972
      1860 -3.0972
      1890 -3.0972
      1920 -3.0972
      1950 -3.0972
      1980 -3.0972
      2010 -3.0972
      2040 -3.0972
      2070 -3.0972
      2100 -3.0972
      2130 -3.0972
      2160 -3.0972
      2190 -3.0972
      2220 -3.0972
      2250 -3.0972
      2280 -3.0972
      2310 -3.0972
      2340 -3.0972
      2370 -3.0972
      2400 -3.0972
      2430 -3.0972
      2460 -3.0972
      2490 -3.0972
      2520 -3.0972
      2550 -3.0972
      2580 -3.0972
      2610 -3.0972
      2640 -3.0972
      2670 -3.0972
      2700 -3.0972
      2730 -3.0972
      2760 -3.0972
      2790 -3.0972
      2820 -3.0972
      2850 -3.0972
      2880 -3.0972
      2910 -3.0972
      2940 -3.0972
      2970 -3.0972
      3000 -3.0972
      3030 -3.0972
      3060 -3.0972
      3090 -3.0972
      3120 -3.0972
      3150 -3.0972
      3180 -3.0972
      3210 -3.0972
      3240 -3.0972
      3270 -3.0972
      3300 -3.0972
      3330 -3.0972
      3360 -3.0972
      3390 -3.0972
      3420 -3.0972
      3450 -3.0972
      3480 -3.0972
      3510 -3.0972
      3540 -3.0972
      3570 -3.0972
      3600 -3.0972
      3630 -3.0972
      3660 -3.0972
      3690 -3.0972
      3720 -3.0972
      3750 -3.0972
      3780 -3.0972
      3810 -3.0972
      3840 -3.0972
      3870 -3.0972
      3900 -3.0972
      3930 -3.0972
      3960 -3.0972
      3990 -3.0972
      4020 -3.0972
      4050 -3.0972
      4080 -3.0972
      4110 -3.0972
      4140 -3.0972
      4170 -3.0972
      4200 -3.0972
      4230 -3.0972
      4260 -3.0972
      4290 -3.0972
      4320 -3.0972
      4350 -3.0972
      4380 -3.0972
      4410 -3.0972
      4440 -3.0972
      4470 -3.0972
      4500 -3.0972
      4530 -3.0972
      4560 -3.0972
      4590 -3.0972
      4620 -3.0972
      4650 -3.0972
      4680 -3.0972
      4710 -3.0972
      4740 -3.0972
      4770 -3.0972
      4800 -3.0972
      4830 -3.0972
      4860 -3.0972
      4890 -3.0972
      4920 -3.0972
      4950 -3.0972
      4980 -3.0972
      5010 -3.0972
      5040 -3.0972
      5070 -3.0972
      5100 -3.0972
      5130 -3.0972
      5160 -3.0972
      5190 -3.0972
      5220 -3.0972
      5250 -3.0972
      5280 -3.0972
      5310 -3.0972
      5340 -3.0972
      5370 -3.0972
      5400 -3.0972
      5430 -3.0972
      5460 -3.0972
      5490 -3.0972
      5520 -3.0972
      5550 -3.0972
      5580 -3.0972
      5610 -3.0972
      5640 -3.0972
      5670 -3.0972
      5700 -3.0972
      5730 -3.0972
      5760 -3.0972
      5790 -3.0972
      5820 -3.0972
      5850 -3.0972
      5880 -3.0972
      5910 -3.0972
      5940 -3.0972
      5970 -3.0972
      6000 -3.0972
      6030 -3.0972
      6060 -3.0972
      6090 -3.0972
      6120 -3.0972
      6150 -3.0972
      6180 -3.0972
      6210 -3.0972
      6240 -3.0972
      6270 -3.0972
      6300 -3.0972
      6330 -3.0972
      6360 -3.0972
      6390 -3.0972
      6420 -3.0972
      6450 -3.0972
      6480 -3.0972
      6510 -3.0972
      6540 -3.0972
      6570 -3.0972
      6600 -3.0972
      6630 -3.0972
      6660 -3.0972
      6690 -3.0972
      6720 -3.0972
      6750 -3.0972
      6780 -3.0972
      6810 -3.0972
      6840 -3.0972
      6870 -3.0972
      6900 -3.0972
      6930 -3.0972
      6960 -3.0972
      6990 -3.0972
      7020 -3.0972
      7050 -3.0972
      7080 -3.0972
      7110 -3.0972
      7140 -3.0972
      7170 -3.0972
      7200 -3.0972
      7230 -3.0972
      7260 -3.0972
      7290 -3.0972
      7320 -3.0972
      7350 -3.0972
      7380 -3.0972
      7410 -3.0972
      7440 -3.0972
      7470 -3.0972
      7500 -3.0972
      7530 -3.0972
      7560 -3.0972
      7590 -3.0972
      7620 -3.0972
      7650 -3.0972
      7680 -3.0972
      7710 -3.0972
      7740 -3.0972
      7770 -3.0972
      7800 -3.0972
      7830 -3.0972
      7860 -3.0972
      7890 -3.0972
      7920 -3.0972
      7950 -3.0972
      7980 -3.0972
      8010 -3.0972
      8040 -3.0972
      8070 -3.0972
      8100 -3.0972
      8130 -3.0972
      8160 -3.0972
      8190 -3.0972
      8220 -3.0972
      8250 -3.0972
      8280 -3.0972
      8310 -3.0972
      8340 -3.0972
      8370 -3.0972
      8400 -3.0972
      8430 -3.0972
      8460 -3.0972
      8490 -3.0972
      8520 -3.0972
      8550 -3.0972
      8580 -3.0972
      8610 -3.0972
         1 -3.0972
        30 -3.0972
        60 -3.0972
        90 -3.0972
       120 -3.0972
       150 -3.0972
       180 -3.0972
       210 -3.0972
       240 -3.0972
       270 -3.0972
       300 -3.0972
       330 -3.0972
       360 -3.0972
       390 -3.0972
       420 -3.0972
       450 -3.0972
       480 -3.0972
       510 -3.0972
       540 -3.0972
       570 -3.0972
       600 -3.0972
       630 -3.0972
       660 -3.0972
       690 -3.0972
       720 -3.0972
       750 -3.0972
       780 -3.0972
       810 -3.0972
       840 -3.0972
       870 -3.0972
       900 -3.0972
       930 -3.0972
       960 -3.0972
       990 -3.0972
      1020 -3.0972
      1050 -3.0972
      1080 -3.0972
      1110 -3.0972
      1140 -3.0972
      1170 -3.0972
      1200 -3.0972
      1230 -3.0972
      1260 -3.0972
      1290 -3.0972
      1320 -3.0972
      1350 -3.0972
      1380 -3.0972
      1410 -3.0972
      1440 -3.0972
      1470 -3.0972
      1500 -3.0972
      1530 -3.0972
      1560 -3.0972
      1590 -3.0972
      1620 -3.0972
      1650 -3.0972
      1680 -3.0972
      1710 -3.0972
      1740 -3.0972
      1770 -3.0972
      1800 -3.0972
      1830 -3.0972
      1860 -3.0972
      1890 -3.0972
      1920 -3.0972
      1950 -3.0972
      1980 -3.0972
      2010 -3.0972
      2040 -3.0972
      2070 -3.0972
      2100 -3.0972
      2130 -3.0972
      2160 -3.0972
      2190 -3.0972
      2220 -3.0972
      2250 -3.0972
      2280 -3.0972
      2310 -3.0972
      2340 -3.0972
      2370 -3.0972
      2400 -3.0972
      2430 -3.0972
      2460 -3.0972
      2490 -3.0972
      2520 -3.0972
      2550 -3.0972
      2580 -3.0972
      2610 -3.0972
      2640 -3.0972
      2670 -3.0972
      2700 -3.0972
      2730 -3.0972
      2760 -3.0972
      2790 -3.0972
      2820 -3.0972
      2850 -3.0972
      2880 -3.0972
      2910 -3.0972
      2940 -3.0972
      2970 -3.0972
      3000 -3.0972
      3030 -3.0972
      3060 -3.0972
      3090 -3.0972
      3120 -3.0972
      3150 -3.0972
      3180 -3.0972
      3210 -3.0972
      3240 -3.0972
      3270 -3.0972
      3300 -3.0972
      3330 -3.0972
      3360 -3.0972
      3390 -3.0972
      3420 -3.0972
      3450 -3.0972
      3480 -3.0972
      3510 -3.0972
      3540 -3.0972
      3570 -3.0972
      3600 -3.0972
      3630 -3.0972
      3660 -3.0972
      3690 -3.0972
      3720 -3.0972
      3750 -3.0972
      3780 -3.0972
      3810 -3.0972
      3840 -3.0972
      3870 -3.0972
      3900 -3.0972
      3930 -3.0972
      3960 -3.0972
      3990 -3.0972
      4020 -3.0972
      4050 -3.0972
      4080 -3.0972
      4110 -3.0972
      4140 -3.0972
      4170 -3.0972
      4200 -3.0972
      4230 -3.0972
      4260 -3.0972
      4290 -3.0972
      4320 -3.0972
      4350 -3.0972
      4380 -3.0972
      4410 -3.0972
      4440 -3.0972
      4470 -3.0972
      4500 -3.0972
      4530 -3.0972
      4560 -3.0972
      4590 -3.0972
      4620 -3.0972
      4650 -3.0972
      4680 -3.0972
      4710 -3.0972
      4740 -3.0972
      4770 -3.0972
      4800 -3.0972
      4830 -3.0972
      4860 -3.0972
      4890 -3.0972
      4920 -3.0972
      4950 -3.0972
      4980 -3.0972
      5010 -3.0972
      5040 -3.0972
      5070 -3.0972
      5100 -3.0972
      5130 -3.0972
      5160 -3.0972
      5190 -3.0972
      5220 -3.0972
      5250 -3.0972
      5280 -3.0972
      5310 -3.0972
      5340 -3.0972
      5370 -3.0972
      5400 -3.0972
      5430 -3.0972
      5460 -3.0972
      5490 -3.0972
      5520 -3.0972
      5550 -3.0972
      5580 -3.0972
      5610 -3.0972
      5640 -3.0972
      5670 -3.0972
      5700 -3.0972
      5730 -3.0972
      5760 -3.0972
      5790 -3.0972
      5820 -3.0972
      5850 -3.0972
      5880 -3.0972
      5910 -3.0972
      5940 -3.0972
      5970 -3.0972
      6000 -3.0972
      6030 -3.0972
      6060 -3.0972
      6090 -3.0972
      6120 -3.0972
      6150 -3.0972
      6180 -3.0972
      6210 -3.0972
      6240 -3.0972
      6270 -3.0972
      6300 -3.0972
      6330 -3.0972
      6360 -3.0972
      6390 -3.0972
      6420 -3.0972
      6450 -3.0972
      6480 -3.0972
      6510 -3.0972
      6540 -3.0972
      6570 -3.0972
      6600 -3.0972
      6630 -3.0972
      6660 -3.0972
      6690 -3.0972
      6720 -3.0972
      6750 -3.0972
      6780 -3.0972
      6810 -3.0972
      6840 -3.0972
      6870 -3.0972
      6900 -3.0972
      6930 -3.0972
      6960 -3.0972
      6990 -3.0972
      7020 -3.0972
      7050 -3.0972
      7080 -3.0972
      7110 -3.0972
      7140 -3.0972
      7170 -3.0972
      7200 -3.0972
      7230 -3.0972
      7260 -3.0972
      7290 -3.0972
      7320 -3.0972
      7350 -3.0972
      7380 -3.0972
      7410 -3.0972
      7440 -3.0972
      7470 -3.0972
      7500 -3.0972
      7530 -3.0972
      7560 -3.0972
      7590 -3.0972
      7620 -3.0972
      7650 -3.0972
      7680 -3.0972
      7710 -3.0972
      7740 -3.0972
      7770 -3.0972
      7800 -3.0972
      7830 -3.0972
      7860 -3.0972
      7890 -3.0972
      7920 -3.0972
      7950 -3.0972
      7980 -3.0972
      8010 -3.0972
      8040 -3.0972
      8070 -3.0972
      8100 -3.0972
      8130 -3.0972
      8160 -3.0972
      8190 -3.0972
      8220 -3.0972
      8250 -3.0972
      8280 -3.0972
      8310 -3.0972
      8340 -3.0972
      8370 -3.0972
      8400 -3.0972
      8430 -3.0972
      8460 -3.0972
      8490 -3.0972
      8520 -3.0972
      8550 -3.0972
      8580 -3.0972
      8610 -3.0972
