# Well Pumping Time Series Data for Well N12 : N12
# Start Date 1991
# Transient Simulation
# Created on 23-Apr-2020 15:50:26
# Column-1: Time in days from start date
# Column-2: Pumping Volume in cubic meters
     0  0.00000
  1769  0.00000
  1770 -9.65280
  1799 -9.65280
  1800 -8.58030
  1829 -8.58030
  1830 -6.43520
  1859 -6.43520
  1860 -1.07250
  1889 -1.07250
  1890 -0.94380
  1919 -0.94380
  1920 -4.71910
  1949 -4.71910
  1950 -13.21360
  2039 -13.21360
  2040 -4.71910
  2069 -4.71910
  2070 -13.21360
  2099 -13.21360
  2100 -10.38210
  2129 -10.38210
  2130 -8.49450
  2159 -8.49450
  2160 -7.55060
  2189 -7.55060
  2190 -5.66300
  2219 -5.66300
  2220 -0.94380
  2249 -0.94380
  2250 -1.07250
  2279 -1.07250
  2280 -5.36270
  2309 -5.36270
  2310 -15.01550
  2399 -15.01550
  2400 -5.36270
  2429 -5.36270
  2430 -15.01550
  2459 -15.01550
  2460 -11.79790
  2489 -11.79790
  2490 -9.65280
  2519 -9.65280
  2520 -8.58030
  2549 -8.58030
  2550 -6.43520
  2579 -6.43520
  2580 -1.07250
  2609 -1.07250
  2610 -1.23340
  2639 -1.23340
  2640 -6.16710
  2669 -6.16710
  2670 -17.26780
  2759 -17.26780
  2760 -6.16710
  2789 -6.16710
  2790 -17.26780
  2819 -17.26780
  2820 -13.56750
  2849 -13.56750
  2850 -11.10070
  2879 -11.10070
  2880 -9.86730
  2909 -9.86730
  2910 -7.40050
  2939 -7.40050
  2940 -1.23340
  2969 -1.23340
  2970 -1.14760
  2999 -1.14760
  3000 -5.73810
  3029 -5.73810
  3030 -16.06650
  3119 -16.06650
  3120 -5.73810
  3149 -5.73810
  3150 -16.06650
  3179 -16.06650
  3180 -12.62370
  3209 -12.62370
  3210 -10.32850
  3239 -10.32850
  3240 -9.18090
  3269 -9.18090
  3270 -6.88570
  3299 -6.88570
  3300 -1.14760
  3329 -1.14760
  3330 -1.10470
  3359 -1.10470
  3360 -5.52350
  3389 -5.52350
  3390 -15.46590
  3479 -15.46590
  3480 -5.52350
  3509 -5.52350
  3510 -15.46590
  3539 -15.46590
  3540 -12.15180
  3569 -12.15180
  3570 -9.94240
  3599 -9.94240
  3600 -8.83770
  3629 -8.83770
  3630 -6.62830
  3659 -6.62830
  3660 -1.10470
  3689 -1.10470
  3690 -1.07250
  3719 -1.07250
  3720 -5.36270
  3749 -5.36270
  3750 -15.01550
  3839 -15.01550
  3840 -5.36270
  3869 -5.36270
  3870 -15.01550
  3899 -15.01550
  3900 -11.79790
  3929 -11.79790
  3930 -9.65280
  3959 -9.65280
  3960 -8.58030
  3989 -8.58030
  3990 -6.43520
  4019 -6.43520
  4020 -1.07250
  4049 -1.07250
  4050 -1.19050
  4079 -1.19050
  4080 -5.95260
  4109 -5.95260
  4110 -16.66720
  4199 -16.66720
  4200 -5.95260
  4229 -5.95260
  4230 -16.66720
  4259 -16.66720
  4260 -13.09560
  4289 -13.09560
  4290 -10.71460
  4319 -10.71460
  4320 -9.52410
  4349 -9.52410
  4350 -7.14310
  4379 -7.14310
  4380 -1.19050
  4409 -1.19050
  4410 -1.07250
  4439 -1.07250
  4440 -5.36270
  4469 -5.36270
  4470 -15.01550
  4559 -15.01550
  4560 -5.36270
  4589 -5.36270
  4590 -15.01550
  4619 -15.01550
  4620 -11.79790
  4649 -11.79790
  4650 -9.65280
  4679 -9.65280
  4680 -8.58030
  4709 -8.58030
  4710 -6.43520
  4739 -6.43520
  4740 -1.07250
  4769 -1.07250
  4770 -1.12620
  4799 -1.12620
  4800 -5.63080
  4829 -5.63080
  4830 -15.76620
  4919 -15.76620
  4920 -5.63080
  4949 -5.63080
  4950 -15.76620
  4979 -15.76620
  4980 -12.38780
  5009 -12.38780
  5010 -10.13540
  5039 -10.13540
  5040 -9.00930
  5069 -9.00930
  5070 -6.75700
  5099 -6.75700
  5100 -1.12620
  5129 -1.12620
  5130 -1.07250
  5159 -1.07250
  5160 -5.36270
  5189 -5.36270
  5190 -15.01550
  5279 -15.01550
  5280 -5.36270
  5309 -5.36270
  5310 -15.01550
  5339 -15.01550
  5340 -11.79790
  5369 -11.79790
  5370 -9.65280
  5399 -9.65280
  5400 -8.58030
  5429 -8.58030
  5430 -6.43520
  5459 -6.43520
  5460 -1.07250
  5489 -1.07250
  5490 -1.34070
  5519 -1.34070
  5520 -6.70330
  5549 -6.70330
  5550 -18.76930
  5639 -18.76930
  5640 -6.70330
  5669 -6.70330
  5670 -18.76930
  5699 -18.76930
  5700 -14.74730
  5729 -14.74730
  5730 -12.06600
  5759 -12.06600
  5760 -10.72530
  5789 -10.72530
  5790 -8.04400
  5819 -8.04400
  5820 -1.34070
  5849 -1.34070
  5850 -1.15830
  5879 -1.15830
  5880 -5.79170
  5909 -5.79170
  5910 -16.21670
  5999 -16.21670
  6000 -5.79170
  6029 -5.79170
  6030 -16.21670
  6059 -16.21670
  6060 -12.74170
  6089 -12.74170
  6090 -10.42500
  6119 -10.42500
  6120 -9.26670
  6149 -9.26670
  6150 -6.95000
  6179 -6.95000
  6180 -1.15830
  6209 -1.15830
  6210 -1.28700
  6239 -1.28700
  6240 -6.43520
  6269 -6.43520
  6270 -18.01860
  6359 -18.01860
  6360 -6.43520
  6389 -6.43520
  6390 -18.01860
  6419 -18.01860
  6420 -14.15740
  6449 -14.15740
  6450 -11.58340
  6479 -11.58340
  6480 -10.29630
  6509 -10.29630
  6510 -7.72220
  6539 -7.72220
  6540 -1.28700
  6569 -1.28700
  6570 -1.55520
  6599 -1.55520
  6600 -7.77590
  6629 -7.77590
  6630 -21.77240
  6719 -21.77240
  6720 -7.77590
  6749 -7.77590
  6750 -21.77240
  6779 -21.77240
  6780 -17.10690
  6809 -17.10690
  6810 -13.99660
  6839 -13.99660
  6840 -12.44140
  6869 -12.44140
  6870 -9.33100
  6899 -9.33100
  6900 -1.55520
  6929 -1.55520
  6930 -1.23340
  6959 -1.23340
  6960 -6.16710
  6989 -6.16710
  6990 -17.26780
  7079 -17.26780
  7080 -6.16710
  7109 -6.16710
  7110 -17.26780
  7139 -17.26780
  7140 -13.56750
  7169 -13.56750
  7170 -11.10070
  7199 -11.10070
  7200 -9.86730
  7229 -9.86730
  7230 -7.40050
  7259 -7.40050
  7260 -1.23340
  7289 -1.23340
  7290 -4.29010
  7319 -4.29010
  7320 -2.14510
  7349 -2.14510
  7350 -4.29010
  7439 -4.29010
  7440 -20.37810
  7469 -20.37810
  7470 -6.43520
  7499 -6.43520
  7500 -5.36270
  7529 -5.36270
  7530 -4.29010
  7559 -4.29010
  7560 -5.36270
  7589 -5.36270
  7590 -5.36270
  7619 -5.36270
  7620 -3.21760
  7649 -3.21760
  7650 -2.14510
  7679 -2.14510
  7680 -1.07250
  7739 -1.07250
  7740 -13.94290
  7769 -13.94290
  7770 -6.43520
  7799 -6.43520
  7800 -5.36270
  7829 -5.36270
  7830 -2.14510
  7859 -2.14510
  7860 -4.29010
  7889 -4.29010
  7890 -2.14510
  7919 -2.14510
  7920 -5.36270
  7949 -5.36270
  7950 -2.14510
  8009 -2.14510
  8010 -2.14510
  8039 -2.14510
  8040 -1.07250
  8099 -1.07250
  8100 -13.94290
  8129 -13.94290
  8130 -6.43520
  8159 -6.43520
  8160 -5.36270
  8189 -5.36270
  8190 -2.14510
  8219 -2.14510
  8220 -2.14510
  8249 -2.14510
  8250 -5.36270
  8279 -5.36270
  8280 -2.14510
  8369 -2.14510
  8370 -4.29010
  8399 -4.29010
  8400 -3.21760
  8429 -3.21760
  8430 -4.29010
  8459 -4.29010
  8460 -5.36270
  8489 -5.36270
  8490 -1.07250
  8519 -1.07250
  8520 -5.36270
  8549 -5.36270
  8550 -2.14510
  8609 -2.14510
  8610 -7.50770
  8639 -7.50770
  8640 -3.21760
  8669 -3.21760
  8670 -2.14510
  8699 -2.14510
  8700 -1.07250
  8729 -1.07250
  8730 -3.21760
  8759 -3.21760
  8760 -3.21760
  8789 -3.21760
  8790 -3.21760
  8849 -3.21760
  8850 -3.21760
  8879 -3.21760
  8880 -6.43520
  8909 -6.43520
  8910 -4.29010
  8939 -4.29010
  8940 -3.21760
  8969 -3.21760
  8970 -3.21760
