# Well Pumping Time Series Data for Well 102058 : 102058
# Start Date 1991
# Transient Simulation
# Created on 02-Jul-2019 13:10:00
# Column-1: Time in days from start date
# Column-2: Pumping Volume in cubic meters
         0 0.0000
         1 -23.9872
        30 -19.5593
        60 -17.5773
        90 -17.3125
       120 -16.2486
       150 -18.6889
       180 -20.4982
       210 -25.3382
       240 -26.7413
       270 -28.5597
       300 -28.5597
       330 -26.1147
       360 -23.9872
       390 -19.5593
       420 -17.5773
       450 -17.3125
       480 -16.2486
       510 -18.6889
       540 -20.4982
       570 -25.3382
       600 -26.7413
       630 -28.5597
       660 -28.5597
       690 -26.1147
       720 -23.9872
       750 -19.5593
       780 -17.5773
       810 -17.3125
       840 -16.2486
       870 -18.6889
       900 -20.4982
       930 -25.3382
       960 -26.7413
       990 -28.5597
      1020 -28.5597
      1050 -26.1147
      1080 -23.9872
      1110 -19.5593
      1140 -17.5773
      1170 -17.3125
      1200 -16.2486
      1230 -18.6889
      1260 -20.4982
      1290 -25.3382
      1320 -26.7413
      1350 -28.5597
      1380 -28.5597
      1410 -26.1147
      1440 -23.9872
      1470 -19.5593
      1500 -17.5773
      1530 -17.3125
      1560 -16.2486
      1590 -18.6889
      1620 -20.4982
      1650 -25.3382
      1680 -26.7413
      1710 -28.5597
      1740 -28.5597
      1770 -26.1147
      1800 -23.9872
      1830 -19.5593
      1860 -17.5773
      1890 -17.3125
      1920 -16.2486
      1950 -18.6889
      1980 -20.4982
      2010 -25.3382
      2040 -26.7413
      2070 -28.5597
      2100 -28.5597
      2130 -26.1147
      2160 -23.9872
      2190 -19.5593
      2220 -17.5773
      2250 -17.3125
      2280 -16.2486
      2310 -18.6889
      2340 -20.4982
      2370 -25.3382
      2400 -26.7413
      2430 -28.5597
      2460 -28.5597
      2490 -26.1147
      2520 -23.9872
      2550 -19.5593
      2580 -17.5773
      2610 -17.3125
      2640 -16.2486
      2670 -18.6889
      2700 -20.4982
      2730 -25.3382
      2760 -26.7413
      2790 -28.5597
      2820 -28.5597
      2850 -26.1147
      2880 -23.9872
      2910 -19.5593
      2940 -17.5773
      2970 -17.3125
      3000 -16.2486
      3030 -18.6889
      3060 -20.4982
      3090 -25.3382
      3120 -26.7413
      3150 -28.5597
      3180 -28.5597
      3210 -26.1147
      3240 -23.9872
      3270 -19.5593
      3300 -17.5773
      3330 -17.3125
      3360 -16.2486
      3390 -18.6889
      3420 -20.4982
      3450 -25.3382
      3480 -26.7413
      3510 -28.5597
      3540 -28.5597
      3570 -26.1147
      3600 -23.9872
      3630 -19.5593
      3660 -17.5773
      3690 -17.3125
      3720 -16.2486
      3750 -18.6889
      3780 -20.4982
      3810 -25.3382
      3840 -26.7413
      3870 -28.5597
      3900 -28.5597
      3930 -26.1147
      3960 -23.9872
      3990 -19.5593
      4020 -17.5773
      4050 -17.3125
      4080 -16.2486
      4110 -18.6889
      4140 -20.4982
      4170 -25.3382
      4200 -26.7413
      4230 -28.5597
      4260 -28.5597
      4290 -26.1147
      4320 -23.9872
      4350 -19.5593
      4380 -17.5773
      4410 -17.3125
      4440 -16.2486
      4470 -18.6889
      4500 -20.4982
      4530 -25.3382
      4560 -26.7413
      4590 -28.5597
      4620 -28.5597
      4650 -26.1147
      4680 -23.9872
      4710 -19.5593
      4740 -17.5773
      4770 -17.3125
      4800 -16.2486
      4830 -18.6889
      4860 -20.4982
      4890 -25.3382
      4920 -26.7413
      4950 -28.5597
      4980 -28.5597
      5010 -26.1147
      5040 -23.9872
      5070 -19.5593
      5100 -17.5773
      5130 -17.3125
      5160 -16.2486
      5190 -18.6889
      5220 -20.4982
      5250 -25.3382
      5280 -26.7413
      5310 -28.5597
      5340 -28.5597
      5370 -26.1147
      5400 -23.9872
      5430 -19.5593
      5460 -17.5773
      5490 -17.3125
      5520 -16.2486
      5550 -18.6889
      5580 -20.4982
      5610 -25.3382
      5640 -26.7413
      5670 -28.5597
      5700 -28.5597
      5730 -26.1147
      5760 -23.9872
      5790 -19.5593
      5820 -17.5773
      5850 -17.3125
      5880 -16.2486
      5910 -18.6889
      5940 -20.4982
      5970 -25.3382
      6000 -26.7413
      6030 -28.5597
      6060 -28.5597
      6090 -26.1147
      6120 -23.9872
      6150 -19.5593
      6180 -17.5773
      6210 -17.3125
      6240 -16.2486
      6270 -18.6889
      6300 -20.4982
      6330 -25.3382
      6360 -26.7413
      6390 -28.5597
      6420 -28.5597
      6450 -26.1147
      6480 -23.9872
      6510 -19.5593
      6540 -17.5773
      6570 -17.3125
      6600 -16.2486
      6630 -18.6889
      6660 -20.4982
      6690 -25.3382
      6720 -26.7413
      6750 -28.5597
      6780 -28.5597
      6810 -26.1147
      6840 -23.9872
      6870 -19.5593
      6900 -17.5773
      6930 -17.3125
      6960 -16.2486
      6990 -18.6889
      7020 -20.4982
      7050 -25.3382
      7080 -26.7413
      7110 -28.5597
      7140 -28.5597
      7170 -26.1147
      7200 -23.9872
      7230 -19.5593
      7260 -17.5773
      7290 -17.3125
      7320 -16.2486
      7350 -18.6889
      7380 -20.4982
      7410 -25.3382
      7440 -26.7413
      7470 -28.5597
      7500 -28.5597
      7530 -26.1147
      7560 -23.9872
      7590 -19.5593
      7620 -17.5773
      7650 -17.3125
      7680 -16.2486
      7710 -18.6889
      7740 -20.4982
      7770 -25.3382
      7800 -26.7413
      7830 -28.5597
      7860 -28.5597
      7890 -26.1147
      7920 -23.9872
      7950 -19.5593
      7980 -17.5773
      8010 -17.3125
      8040 -16.2486
      8070 -18.6889
      8100 -20.4982
      8130 -25.3382
      8160 -26.7413
      8190 -28.5597
      8220 -28.5597
      8250 -26.1147
      8280 -23.9872
      8310 -19.5593
      8340 -17.5773
      8370 -17.3125
      8400 -16.2486
      8430 -18.6889
      8460 -20.4982
      8490 -25.3382
      8520 -26.7413
      8550 -28.5597
      8580 -28.5597
      8610 -26.1147
