# Well Pumping Time Series Data for Well 101202 : 101202
# Start Date 1991
# Transient Simulation
# Created on 02-Jul-2019 13:09:58
# Column-1: Time in days from start date
# Column-2: Pumping Volume in cubic meters
         0 0.0000
         1 -39.9269
        30 -32.5566
        60 -29.2576
        90 -28.8167
       120 -27.0459
       150 -31.1078
       180 -34.1195
       210 -42.1756
       240 -44.5112
       270 -47.5379
       300 -47.5379
       330 -43.4682
       360 -39.9269
       390 -32.5566
       420 -29.2576
       450 -28.8167
       480 -27.0459
       510 -31.1078
       540 -34.1195
       570 -42.1756
       600 -44.5112
       630 -47.5379
       660 -47.5379
       690 -43.4682
       720 -39.9269
       750 -32.5566
       780 -29.2576
       810 -28.8167
       840 -27.0459
       870 -31.1078
       900 -34.1195
       930 -42.1756
       960 -44.5112
       990 -47.5379
      1020 -47.5379
      1050 -43.4682
      1080 -39.9269
      1110 -32.5566
      1140 -29.2576
      1170 -28.8167
      1200 -27.0459
      1230 -31.1078
      1260 -34.1195
      1290 -42.1756
      1320 -44.5112
      1350 -47.5379
      1380 -47.5379
      1410 -43.4682
      1440 -39.9269
      1470 -32.5566
      1500 -29.2576
      1530 -28.8167
      1560 -27.0459
      1590 -31.1078
      1620 -34.1195
      1650 -42.1756
      1680 -44.5112
      1710 -47.5379
      1740 -47.5379
      1770 -43.4682
      1800 -39.9269
      1830 -32.5566
      1860 -29.2576
      1890 -28.8167
      1920 -27.0459
      1950 -31.1078
      1980 -34.1195
      2010 -42.1756
      2040 -44.5112
      2070 -47.5379
      2100 -47.5379
      2130 -43.4682
      2160 -39.9269
      2190 -32.5566
      2220 -29.2576
      2250 -28.8167
      2280 -27.0459
      2310 -31.1078
      2340 -34.1195
      2370 -42.1756
      2400 -44.5112
      2430 -47.5379
      2460 -47.5379
      2490 -43.4682
      2520 -39.9269
      2550 -32.5566
      2580 -29.2576
      2610 -28.8167
      2640 -27.0459
      2670 -31.1078
      2700 -34.1195
      2730 -42.1756
      2760 -44.5112
      2790 -47.5379
      2820 -47.5379
      2850 -43.4682
      2880 -39.9269
      2910 -32.5566
      2940 -29.2576
      2970 -28.8167
      3000 -27.0459
      3030 -31.1078
      3060 -34.1195
      3090 -42.1756
      3120 -44.5112
      3150 -47.5379
      3180 -47.5379
      3210 -43.4682
      3240 -39.9269
      3270 -32.5566
      3300 -29.2576
      3330 -28.8167
      3360 -27.0459
      3390 -31.1078
      3420 -34.1195
      3450 -42.1756
      3480 -44.5112
      3510 -47.5379
      3540 -47.5379
      3570 -43.4682
      3600 -39.9269
      3630 -32.5566
      3660 -29.2576
      3690 -28.8167
      3720 -27.0459
      3750 -31.1078
      3780 -34.1195
      3810 -42.1756
      3840 -44.5112
      3870 -47.5379
      3900 -47.5379
      3930 -43.4682
      3960 -39.9269
      3990 -32.5566
      4020 -29.2576
      4050 -28.8167
      4080 -27.0459
      4110 -31.1078
      4140 -34.1195
      4170 -42.1756
      4200 -44.5112
      4230 -47.5379
      4260 -47.5379
      4290 -43.4682
      4320 -39.9269
      4350 -32.5566
      4380 -29.2576
      4410 -28.8167
      4440 -27.0459
      4470 -31.1078
      4500 -34.1195
      4530 -42.1756
      4560 -44.5112
      4590 -47.5379
      4620 -47.5379
      4650 -43.4682
      4680 -39.9269
      4710 -32.5566
      4740 -29.2576
      4770 -28.8167
      4800 -27.0459
      4830 -31.1078
      4860 -34.1195
      4890 -42.1756
      4920 -44.5112
      4950 -47.5379
      4980 -47.5379
      5010 -43.4682
      5040 -39.9269
      5070 -32.5566
      5100 -29.2576
      5130 -28.8167
      5160 -27.0459
      5190 -31.1078
      5220 -34.1195
      5250 -42.1756
      5280 -44.5112
      5310 -47.5379
      5340 -47.5379
      5370 -43.4682
      5400 -39.9269
      5430 -32.5566
      5460 -29.2576
      5490 -28.8167
      5520 -27.0459
      5550 -31.1078
      5580 -34.1195
      5610 -42.1756
      5640 -44.5112
      5670 -47.5379
      5700 -47.5379
      5730 -43.4682
      5760 -39.9269
      5790 -32.5566
      5820 -29.2576
      5850 -28.8167
      5880 -27.0459
      5910 -31.1078
      5940 -34.1195
      5970 -42.1756
      6000 -44.5112
      6030 -47.5379
      6060 -47.5379
      6090 -43.4682
      6120 -39.9269
      6150 -32.5566
      6180 -29.2576
      6210 -28.8167
      6240 -27.0459
      6270 -31.1078
      6300 -34.1195
      6330 -42.1756
      6360 -44.5112
      6390 -47.5379
      6420 -47.5379
      6450 -43.4682
      6480 -39.9269
      6510 -32.5566
      6540 -29.2576
      6570 -28.8167
      6600 -27.0459
      6630 -31.1078
      6660 -34.1195
      6690 -42.1756
      6720 -44.5112
      6750 -47.5379
      6780 -47.5379
      6810 -43.4682
      6840 -39.9269
      6870 -32.5566
      6900 -29.2576
      6930 -28.8167
      6960 -27.0459
      6990 -31.1078
      7020 -34.1195
      7050 -42.1756
      7080 -44.5112
      7110 -47.5379
      7140 -47.5379
      7170 -43.4682
      7200 -39.9269
      7230 -32.5566
      7260 -29.2576
      7290 -28.8167
      7320 -27.0459
      7350 -31.1078
      7380 -34.1195
      7410 -42.1756
      7440 -44.5112
      7470 -47.5379
      7500 -47.5379
      7530 -43.4682
      7560 -39.9269
      7590 -32.5566
      7620 -29.2576
      7650 -28.8167
      7680 -27.0459
      7710 -31.1078
      7740 -34.1195
      7770 -42.1756
      7800 -44.5112
      7830 -47.5379
      7860 -47.5379
      7890 -43.4682
      7920 -39.9269
      7950 -32.5566
      7980 -29.2576
      8010 -28.8167
      8040 -27.0459
      8070 -31.1078
      8100 -34.1195
      8130 -42.1756
      8160 -44.5112
      8190 -47.5379
      8220 -47.5379
      8250 -43.4682
      8280 -39.9269
      8310 -32.5566
      8340 -29.2576
      8370 -28.8167
      8400 -27.0459
      8430 -31.1078
      8460 -34.1195
      8490 -42.1756
      8520 -44.5112
      8550 -47.5379
      8580 -47.5379
      8610 -43.4682
