# Well Pumping Time Series Data for Well DWR156657 : DWR156657
# Start Date 1991
# Transient Simulation
# Created on 02-Jul-2019 13:10:01
# Column-1: Time in days from start date
# Column-2: Pumping Volume in cubic meters
         0 0.0000
         1 -2.4857
        30 -2.0269
        60 -1.8215
        90 -1.7940
       120 -1.6838
       150 -1.9367
       180 -2.1242
       210 -2.6257
       240 -2.7711
       270 -2.9596
       300 -2.9596
       330 -2.7062
       360 -2.4857
       390 -2.0269
       420 -1.8215
       450 -1.7940
       480 -1.6838
       510 -1.9367
       540 -2.1242
       570 -2.6257
       600 -2.7711
       630 -2.9596
       660 -2.9596
       690 -2.7062
       720 -2.4857
       750 -2.0269
       780 -1.8215
       810 -1.7940
       840 -1.6838
       870 -1.9367
       900 -2.1242
       930 -2.6257
       960 -2.7711
       990 -2.9596
      1020 -2.9596
      1050 -2.7062
      1080 -2.4857
      1110 -2.0269
      1140 -1.8215
      1170 -1.7940
      1200 -1.6838
      1230 -1.9367
      1260 -2.1242
      1290 -2.6257
      1320 -2.7711
      1350 -2.9596
      1380 -2.9596
      1410 -2.7062
      1440 -2.4857
      1470 -2.0269
      1500 -1.8215
      1530 -1.7940
      1560 -1.6838
      1590 -1.9367
      1620 -2.1242
      1650 -2.6257
      1680 -2.7711
      1710 -2.9596
      1740 -2.9596
      1770 -2.7062
      1800 -2.4857
      1830 -2.0269
      1860 -1.8215
      1890 -1.7940
      1920 -1.6838
      1950 -1.9367
      1980 -2.1242
      2010 -2.6257
      2040 -2.7711
      2070 -2.9596
      2100 -2.9596
      2130 -2.7062
      2160 -2.4857
      2190 -2.0269
      2220 -1.8215
      2250 -1.7940
      2280 -1.6838
      2310 -1.9367
      2340 -2.1242
      2370 -2.6257
      2400 -2.7711
      2430 -2.9596
      2460 -2.9596
      2490 -2.7062
      2520 -2.4857
      2550 -2.0269
      2580 -1.8215
      2610 -1.7940
      2640 -1.6838
      2670 -1.9367
      2700 -2.1242
      2730 -2.6257
      2760 -2.7711
      2790 -2.9596
      2820 -2.9596
      2850 -2.7062
      2880 -2.4857
      2910 -2.0269
      2940 -1.8215
      2970 -1.7940
      3000 -1.6838
      3030 -1.9367
      3060 -2.1242
      3090 -2.6257
      3120 -2.7711
      3150 -2.9596
      3180 -2.9596
      3210 -2.7062
      3240 -2.4857
      3270 -2.0269
      3300 -1.8215
      3330 -1.7940
      3360 -1.6838
      3390 -1.9367
      3420 -2.1242
      3450 -2.6257
      3480 -2.7711
      3510 -2.9596
      3540 -2.9596
      3570 -2.7062
      3600 -2.4857
      3630 -2.0269
      3660 -1.8215
      3690 -1.7940
      3720 -1.6838
      3750 -1.9367
      3780 -2.1242
      3810 -2.6257
      3840 -2.7711
      3870 -2.9596
      3900 -2.9596
      3930 -2.7062
      3960 -2.4857
      3990 -2.0269
      4020 -1.8215
      4050 -1.7940
      4080 -1.6838
      4110 -1.9367
      4140 -2.1242
      4170 -2.6257
      4200 -2.7711
      4230 -2.9596
      4260 -2.9596
      4290 -2.7062
      4320 -2.4857
      4350 -2.0269
      4380 -1.8215
      4410 -1.7940
      4440 -1.6838
      4470 -1.9367
      4500 -2.1242
      4530 -2.6257
      4560 -2.7711
      4590 -2.9596
      4620 -2.9596
      4650 -2.7062
      4680 -2.4857
      4710 -2.0269
      4740 -1.8215
      4770 -1.7940
      4800 -1.6838
      4830 -1.9367
      4860 -2.1242
      4890 -2.6257
      4920 -2.7711
      4950 -2.9596
      4980 -2.9596
      5010 -2.7062
      5040 -2.4857
      5070 -2.0269
      5100 -1.8215
      5130 -1.7940
      5160 -1.6838
      5190 -1.9367
      5220 -2.1242
      5250 -2.6257
      5280 -2.7711
      5310 -2.9596
      5340 -2.9596
      5370 -2.7062
      5400 -2.4857
      5430 -2.0269
      5460 -1.8215
      5490 -1.7940
      5520 -1.6838
      5550 -1.9367
      5580 -2.1242
      5610 -2.6257
      5640 -2.7711
      5670 -2.9596
      5700 -2.9596
      5730 -2.7062
      5760 -2.4857
      5790 -2.0269
      5820 -1.8215
      5850 -1.7940
      5880 -1.6838
      5910 -1.9367
      5940 -2.1242
      5970 -2.6257
      6000 -2.7711
      6030 -2.9596
      6060 -2.9596
      6090 -2.7062
      6120 -2.4857
      6150 -2.0269
      6180 -1.8215
      6210 -1.7940
      6240 -1.6838
      6270 -1.9367
      6300 -2.1242
      6330 -2.6257
      6360 -2.7711
      6390 -2.9596
      6420 -2.9596
      6450 -2.7062
      6480 -2.4857
      6510 -2.0269
      6540 -1.8215
      6570 -1.7940
      6600 -1.6838
      6630 -1.9367
      6660 -2.1242
      6690 -2.6257
      6720 -2.7711
      6750 -2.9596
      6780 -2.9596
      6810 -2.7062
      6840 -2.4857
      6870 -2.0269
      6900 -1.8215
      6930 -1.7940
      6960 -1.6838
      6990 -1.9367
      7020 -2.1242
      7050 -2.6257
      7080 -2.7711
      7110 -2.9596
      7140 -2.9596
      7170 -2.7062
      7200 -2.4857
      7230 -2.0269
      7260 -1.8215
      7290 -1.7940
      7320 -1.6838
      7350 -1.9367
      7380 -2.1242
      7410 -2.6257
      7440 -2.7711
      7470 -2.9596
      7500 -2.9596
      7530 -2.7062
      7560 -2.4857
      7590 -2.0269
      7620 -1.8215
      7650 -1.7940
      7680 -1.6838
      7710 -1.9367
      7740 -2.1242
      7770 -2.6257
      7800 -2.7711
      7830 -2.9596
      7860 -2.9596
      7890 -2.7062
      7920 -2.4857
      7950 -2.0269
      7980 -1.8215
      8010 -1.7940
      8040 -1.6838
      8070 -1.9367
      8100 -2.1242
      8130 -2.6257
      8160 -2.7711
      8190 -2.9596
      8220 -2.9596
      8250 -2.7062
      8280 -2.4857
      8310 -2.0269
      8340 -1.8215
      8370 -1.7940
      8400 -1.6838
      8430 -1.9367
      8460 -2.1242
      8490 -2.6257
      8520 -2.7711
      8550 -2.9596
      8580 -2.9596
      8610 -2.7062
