# Well Pumping Time Series Data for Well 100930 : 100930
# Start Date 1991
# Transient Simulation
# Created on 23-Apr-2020 15:50:17
# Column-1: Time in days from start date
# Column-2: Pumping Volume in cubic meters
     0  0.00000
     1 -3.70740
    29 -3.70740
    30 -3.02300
    59 -3.02300
    60 -2.71670
    89 -2.71670
    90 -2.67580
   119 -2.67580
   120 -2.51130
   149 -2.51130
   150 -2.88850
   179 -2.88850
   180 -3.16820
   209 -3.16820
   210 -3.91620
   239 -3.91620
   240 -4.13310
   269 -4.13310
   270 -4.41410
   299 -4.41410
   300 -4.41410
   329 -4.41410
   330 -4.03620
   359 -4.03620
   360 -3.70740
   389 -3.70740
   390 -3.02300
   419 -3.02300
   420 -2.71670
   449 -2.71670
   450 -8.40960
   479 -8.40960
   480 -7.89280
   509 -7.89280
   510 -9.07820
   539 -9.07820
   540 -9.95700
   569 -9.95700
   570 -12.30810
   599 -12.30810
   600 -12.98960
   629 -12.98960
   630 -13.87290
   659 -13.87290
   660 -13.87290
   689 -13.87290
   690 -12.68530
   719 -12.68530
   720 -11.65180
   749 -11.65180
   750 -9.50090
   779 -9.50090
   780 -8.53820
   809 -8.53820
   810 -6.94170
   839 -6.94170
   840 -6.51510
   869 -6.51510
   870 -7.49360
   899 -7.49360
   900 -8.21910
   929 -8.21910
   930 -10.15970
   959 -10.15970
   960 -10.72240
   989 -10.72240
   990 -11.45150
  1019 -11.45150
  1020 -11.45150
  1049 -11.45150
  1050 -10.47110
  1079 -10.47110
  1080 -9.61800
  1109 -9.61800
  1110 -7.84260
  1139 -7.84260
  1140 -7.04790
  3689 -7.04790
  3690 -1.23090
  3719 -1.23090
  3720 -1.15520
  3749 -1.15520
  3750 -1.32870
  3779 -1.32870
  3780 -1.45730
  3809 -1.45730
  3810 -1.80150
  3839 -1.80150
  3840 -1.90120
  3869 -1.90120
  3870 -2.03050
  3899 -2.03050
  3900 -2.03050
  3929 -2.03050
  3930 -1.85670
  3959 -1.85670
  3960 -1.70540
  3989 -1.70540
  3990 -1.39060
  4019 -1.39060
  4020 -1.24970
  4049 -1.24970
  4050 -2.57190
  4079 -2.57190
  4080 -2.41380
  4109 -2.41380
  4110 -2.77640
  4139 -2.77640
  4140 -3.04510
  4169 -3.04510
  4170 -3.76420
  4199 -3.76420
  4200 -3.97260
  4229 -3.97260
  4230 -4.24270
  4259 -4.24270
  4260 -4.24270
  4289 -4.24270
  4290 -3.87950
  4319 -3.87950
  4320 -3.56350
  4349 -3.56350
  4350 -2.90570
  4379 -2.90570
  4380 -2.61120
  4409 -2.61120
  4410 -3.82870
  4439 -3.82870
  4440 -3.59340
  4469 -3.59340
  4470 -4.13310
  4499 -4.13310
  4500 -4.53330
  4529 -4.53330
  4530 -5.60370
  4559 -5.60370
  4560 -5.91400
  4589 -5.91400
  4590 -6.31610
  4619 -6.31610
  4620 -6.31610
  4649 -6.31610
  4650 -5.77540
  4679 -5.77540
  4680 -5.30490
  4709 -5.30490
  4710 -4.32560
  4739 -4.32560
  4740 -3.88730
  4769 -3.88730
  4770 -5.84690
  4799 -5.84690
  4800 -5.48760
  4829 -5.48760
  4830 -6.31180
  4859 -6.31180
  4860 -6.92280
  4889 -6.92280
  4890 -8.55740
  4919 -8.55740
  4920 -9.03130
  4949 -9.03130
  4950 -9.64540
  4979 -9.64540
  4980 -9.64540
  5009 -9.64540
  5010 -8.81970
  5039 -8.81970
  5040 -8.10120
  5069 -8.10120
  5070 -6.60570
  5099 -6.60570
  5100 -5.93640
  5129 -5.93640
  5130 -3.40740
  5159 -3.40740
  5160 -3.19800
  5189 -3.19800
  5190 -3.67830
  5219 -3.67830
  5220 -4.03440
  5249 -4.03440
  5250 -4.98690
  5279 -4.98690
  5280 -5.26310
  5309 -5.26310
  5310 -5.62100
  5339 -5.62100
  5340 -5.62100
  5369 -5.62100
  5370 -5.13980
  5399 -5.13980
  5400 -4.72100
  5429 -4.72100
  5430 -3.84960
  5459 -3.84960
  5460 -3.45950
  5489 -3.45950
  5490 -4.00600
  5519 -4.00600
  5520 -3.75980
  5549 -3.75980
  5550 -4.32450
  5579 -4.32450
  5580 -4.74320
  5609 -4.74320
  5610 -5.86310
  5639 -5.86310
  5640 -6.18780
  5669 -6.18780
  5670 -6.60860
  5699 -6.60860
  5700 -6.60860
  5729 -6.60860
  5730 -6.04280
  5759 -6.04280
  5760 -5.55050
  5789 -5.55050
  5790 -4.52590
  5819 -4.52590
  5820 -4.06730
  5849 -4.06730
  5850 -6.64980
  5879 -6.64980
  5880 -6.24110
  5909 -6.24110
  5910 -7.17850
  5939 -7.17850
  5940 -7.87340
  5969 -7.87340
  5970 -9.73250
  5999 -9.73250
  6000 -10.27140
  6029 -10.27140
  6030 -10.96990
  6059 -10.96990
  6060 -10.96990
  6089 -10.96990
  6090 -10.03080
  6119 -10.03080
  6120 -9.21360
  6149 -9.21360
  6150 -7.51280
  6179 -7.51280
  6180 -6.75150
  6209 -6.75150
  6210 -5.98860
  6239 -5.98860
  6240 -5.62060
  6269 -5.62060
  6270 -6.46480
  6299 -6.46480
  6300 -7.09060
  6329 -7.09060
  6330 -8.76480
  6359 -8.76480
  6360 -9.25020
  6389 -9.25020
  6390 -9.87920
  6419 -9.87920
  6420 -9.87920
  6449 -9.87920
  6450 -9.03350
  6479 -9.03350
  6480 -8.29750
  6509 -8.29750
  6510 -6.76580
  6539 -6.76580
  6540 -6.08020
  6569 -6.08020
  6570 -4.70170
  6599 -4.70170
  6600 -4.41280
  6629 -4.41280
  6630 -5.07550
  6659 -5.07550
  6660 -5.56690
  6689 -5.56690
  6690 -6.88130
  6719 -6.88130
  6720 -7.26240
  6749 -7.26240
  6750 -7.75620
  6779 -7.75620
  6780 -7.75620
  6809 -7.75620
  6810 -7.09220
  6839 -7.09220
  6840 -6.51440
  6869 -6.51440
  6870 -5.31190
  6899 -5.31190
  6900 -4.77360
  6929 -4.77360
  6930 -3.33320
  6959 -3.33320
  6960 -3.12840
  6989 -3.12840
  6990 -3.59830
  7019 -3.59830
  7020 -3.94660
  7049 -3.94660
  7050 -4.87850
  7079 -4.87850
  7080 -5.14860
  7109 -5.14860
  7110 -5.49870
  7139 -5.49870
  7140 -5.49870
  7169 -5.49870
  7170 -5.02800
  7199 -5.02800
  7200 -4.61840
  7229 -4.61840
  7230 -3.76580
  7259 -3.76580
  7260 -3.38420
  7289 -3.38420
  7290 -4.02890
  7319 -4.02890
  7320 -3.78140
  7349 -3.78140
  7350 -4.34930
  7379 -4.34930
  7380 -4.77030
  7409 -4.77030
  7410 -5.89670
  7439 -5.89670
  7440 -6.22320
  7469 -6.22320
  7470 -6.64640
  7499 -6.64640
  7500 -6.64640
  7529 -6.64640
  7530 -6.07740
  7559 -6.07740
  7560 -5.58230
  7589 -5.58230
  7590 -4.55180
  7619 -4.55180
  7620 -4.09060
  7649 -4.09060
  7650 -4.77000
  7679 -4.77000
  7680 -4.47690
  7709 -4.47690
  7710 -5.14930
  7739 -5.14930
  7740 -5.64780
  7769 -5.64780
  7770 -6.98130
  7799 -6.98130
  7800 -7.36790
  7829 -7.36790
  7830 -7.86890
  7859 -7.86890
  7860 -7.86890
  7889 -7.86890
  7890 -7.19530
  7919 -7.19530
  7920 -6.60910
  7949 -6.60910
  7950 -5.38910
  7979 -5.38910
  7980 -4.84300
  8009 -4.84300
  8010 -5.87740
  8039 -5.87740
  8040 -5.51620
  8069 -5.51620
  8070 -6.34470
  8099 -6.34470
  8100 -6.95900
  8129 -6.95900
  8130 -8.60210
  8159 -8.60210
  8160 -9.07840
  8189 -9.07840
  8190 -9.69570
  8219 -9.69570
  8220 -9.69570
  8249 -9.69570
  8250 -8.86570
  8279 -8.86570
  8280 -8.14340
  8309 -8.14340
  8310 -6.64020
  8339 -6.64020
  8340 -5.96730
  8369 -5.96730
  8370 -6.48320
  8399 -6.48320
  8400 -6.08480
  8429 -6.08480
  8430 -6.99870
  8459 -6.99870
  8460 -7.67620
  8489 -7.67620
  8490 -9.48870
  8519 -9.48870
  8520 -10.01410
  8549 -10.01410
  8550 -10.69510
  8579 -10.69510
  8580 -10.69510
  8609 -10.69510
  8610 -9.77950
  8639 -9.77950
  8640 -8.98280
  8669 -8.98280
  8670 -7.32460
  8699 -7.32460
  8700 -6.58240
