# Well Pumping Time Series Data for Well 100667 : 100667
# Start Date 1991
# Transient Simulation
# Created on 23-Apr-2020 15:50:14
# Column-1: Time in days from start date
# Column-2: Pumping Volume in cubic meters
     0  0.00000
  4409  0.00000
  4410 -0.03690
  4439 -0.03690
  4440 -0.03470
  4469 -0.03470
  4470 -0.03990
  4499 -0.03990
  4500 -0.04370
  4529 -0.04370
  4530 -0.05410
  4559 -0.05410
  4560 -0.05710
  4589 -0.05710
  4590 -0.06090
  4619 -0.06090
  4620 -0.06090
  4649 -0.06090
  4650 -0.05570
  4679 -0.05570
  4680 -0.05120
  4709 -0.05120
  4710 -0.04170
  4739 -0.04170
  4740 -0.03750
  4769 -0.03750
  4770 -0.16320
  4799 -0.16320
  4800 -0.15320
  4829 -0.15320
  4830 -0.17620
  4859 -0.17620
  4860 -0.19330
  4889 -0.19330
  4890 -0.23890
  4919 -0.23890
  4920 -0.25210
  4949 -0.25210
  4950 -0.26930
  4979 -0.26930
  4980 -0.26930
  5009 -0.26930
  5010 -0.24620
  5039 -0.24620
  5040 -0.22620
  5069 -0.22620
  5070 -0.18440
  5099 -0.18440
  5100 -0.16570
  5129 -0.16570
  5130 -0.14790
  5159 -0.14790
  5160 -0.13890
  5189 -0.13890
  5190 -0.15970
  5219 -0.15970
  5220 -0.17520
  5249 -0.17520
  5250 -0.21650
  5279 -0.21650
  5280 -0.22850
  5309 -0.22850
  5310 -0.24410
  5339 -0.24410
  5340 -0.24410
  5369 -0.24410
  5370 -0.22320
  5399 -0.22320
  5400 -0.20500
  5429 -0.20500
  5430 -0.16710
  5459 -0.16710
  5460 -0.15020
  5489 -0.15020
  5490 -0.22170
  5519 -0.22170
  5520 -0.20810
  5549 -0.20810
  5550 -0.23930
  5579 -0.23930
  5580 -0.26250
  5609 -0.26250
  5610 -0.32450
  5639 -0.32450
  5640 -0.34250
  5669 -0.34250
  5670 -0.36570
  5699 -0.36570
  5700 -0.36570
  5729 -0.36570
  5730 -0.33440
  5759 -0.33440
  5760 -0.30720
  5789 -0.30720
  5790 -0.25050
  5819 -0.25050
  5820 -0.22510
  5849 -0.22510
  5850 -0.25870
  5879 -0.25870
  5880 -0.24280
  5909 -0.24280
  5910 -0.27930
  5939 -0.27930
  5940 -0.30630
  5969 -0.30630
  5970 -0.37870
  5999 -0.37870
  6000 -0.39970
  6029 -0.39970
  6030 -0.42680
  6059 -0.42680
  6060 -0.42680
  6089 -0.42680
  6090 -0.39030
  6119 -0.39030
  6120 -0.35850
  6149 -0.35850
  6150 -0.29230
  6179 -0.29230
  6180 -0.26270
  6209 -0.26270
  6210 -0.27180
  6239 -0.27180
  6240 -0.25510
  6269 -0.25510
  6270 -0.29340
  6299 -0.29340
  6300 -0.32180
  6329 -0.32180
  6330 -0.39780
  6359 -0.39780
  6360 -0.41980
  6389 -0.41980
  6390 -0.44830
  6419 -0.44830
  6420 -0.44830
  6449 -0.44830
  6450 -0.41000
  6479 -0.41000
  6480 -0.37660
  6509 -0.37660
  6510 -0.30710
  6539 -0.30710
  6540 -0.27590
  6569 -0.27590
  6570 -0.24460
  6599 -0.24460
  6600 -0.22960
  6629 -0.22960
  6630 -0.26410
  6659 -0.26410
  6660 -0.28970
  6689 -0.28970
  6690 -0.35810
  6719 -0.35810
  6720 -0.37790
  6749 -0.37790
  6750 -0.40360
  6779 -0.40360
  6780 -0.40360
  6809 -0.40360
  6810 -0.36900
  6839 -0.36900
  6840 -0.33900
  6869 -0.33900
  6870 -0.27640
  6899 -0.27640
  6900 -0.24840
  6929 -0.24840
  6930 -0.17580
  6959 -0.17580
  6960 -0.16500
  6989 -0.16500
  6990 -0.18980
  7019 -0.18980
  7020 -0.20820
  7049 -0.20820
  7050 -0.25740
  7079 -0.25740
  7080 -0.27160
  7109 -0.27160
  7110 -0.29010
  7139 -0.29010
  7140 -0.29010
  7169 -0.29010
  7170 -0.26520
  7199 -0.26520
  7200 -0.24360
  7229 -0.24360
  7230 -0.19870
  7259 -0.19870
  7260 -0.17850
  7289 -0.17850
  7290 -0.16820
  7319 -0.16820
  7320 -0.15790
  7349 -0.15790
  7350 -0.18160
  7379 -0.18160
  7380 -0.19910
  7409 -0.19910
  7410 -0.24620
  7439 -0.24620
  7440 -0.25980
  7469 -0.25980
  7470 -0.27750
  7499 -0.27750
  7500 -0.27750
  7529 -0.27750
  7530 -0.25370
  7559 -0.25370
  7560 -0.23300
  7589 -0.23300
  7590 -0.19000
  7619 -0.19000
  7620 -0.17080
  7649 -0.17080
  7650 -0.25200
  7679 -0.25200
  7680 -0.23650
  7709 -0.23650
  7710 -0.27200
  7739 -0.27200
  7740 -0.29840
  7769 -0.29840
  7770 -0.36880
  7799 -0.36880
  7800 -0.38920
  7829 -0.38920
  7830 -0.41570
  7859 -0.41570
  7860 -0.41570
  7889 -0.41570
  7890 -0.38010
  7919 -0.38010
  7920 -0.34910
  7949 -0.34910
  7950 -0.28470
  7979 -0.28470
  7980 -0.25580
  8009 -0.25580
  8010 -0.13050
  8039 -0.13050
  8040 -0.12240
  8069 -0.12240
  8070 -0.14080
  8099 -0.14080
  8100 -0.15450
  8129 -0.15450
  8130 -0.19090
  8159 -0.19090
  8160 -0.20150
  8189 -0.20150
  8190 -0.21520
  8219 -0.21520
  8220 -0.21520
  8249 -0.21520
  8250 -0.19680
  8279 -0.19680
  8280 -0.18080
  8309 -0.18080
  8310 -0.14740
  8339 -0.14740
  8340 -0.13250
  8369 -0.13250
  8370 -0.15670
  8399 -0.15670
  8400 -0.14700
  8429 -0.14700
  8430 -0.16910
  8459 -0.16910
  8460 -0.18550
  8489 -0.18550
  8490 -0.22930
  8519 -0.22930
  8520 -0.24200
  8549 -0.24200
  8550 -0.25840
  8579 -0.25840
  8580 -0.25840
  8609 -0.25840
  8610 -0.23630
  8639 -0.23630
  8640 -0.21700
  8669 -0.21700
  8670 -0.17700
  8699 -0.17700
  8700 -0.15900
