# Well Pumping Time Series Data for Well N6 : N6
# Start Date 1991
# Transient Simulation
# Created on 23-Apr-2020 15:50:27
# Column-1: Time in days from start date
# Column-2: Pumping Volume in cubic meters
     0  0.00000
  1799  0.00000
  1800 -2.14510
  1829 -2.14510
  1830 -22.52320
  1859 -22.52320
  1860 -13.94290
  1889 -13.94290
  1890 -20.76420
  1919 -20.76420
  1920 -24.53960
  1949 -24.53960
  1950 -25.48340
  1979 -25.48340
  1980 -15.10130
  2009 -15.10130
  2010 -19.82040
  2039 -19.82040
  2040 -55.68590
  2069 -55.68590
  2070 -39.64080
  2099 -39.64080
  2100 -23.59570
  2159 -23.59570
  2160 -1.88770
  2189 -1.88770
  2190 -19.82040
  2219 -19.82040
  2220 -12.26980
  2249 -12.26980
  2250 -23.59570
  2279 -23.59570
  2280 -27.88590
  2309 -27.88590
  2310 -28.95840
  2339 -28.95840
  2340 -17.16050
  2369 -17.16050
  2370 -22.52320
  2399 -22.52320
  2400 -63.27940
  2429 -63.27940
  2430 -45.04640
  2459 -45.04640
  2460 -26.81330
  2519 -26.81330
  2520 -2.14510
  2549 -2.14510
  2550 -22.52320
  2579 -22.52320
  2580 -13.94290
  2609 -13.94290
  2610 -27.13510
  2639 -27.13510
  2640 -32.06870
  2669 -32.06870
  2670 -33.30210
  2699 -33.30210
  2700 -19.73460
  2729 -19.73460
  2730 -25.90170
  2759 -25.90170
  2760 -72.77140
  2789 -72.77140
  2790 -51.80330
  2819 -51.80330
  2820 -30.83530
  2879 -30.83530
  2880 -2.46680
  2909 -2.46680
  2910 -25.90170
  2939 -25.90170
  2940 -16.03440
  2969 -16.03440
  2970 -25.24740
  2999 -25.24740
  3000 -29.83790
  3029 -29.83790
  3030 -30.98550
  3059 -30.98550
  3060 -18.36180
  3089 -18.36180
  3090 -24.09980
  3119 -24.09980
  3120 -67.70900
  3149 -67.70900
  3150 -48.19960
  3179 -48.19960
  3180 -28.69030
  3239 -28.69030
  3240 -2.29520
  3269 -2.29520
  3270 -24.09980
  3299 -24.09980
  3300 -14.91890
  3329 -14.91890
  3330 -24.30360
  3359 -24.30360
  3360 -28.72240
  3389 -28.72240
  3390 -29.82710
  3419 -29.82710
  3420 -17.67530
  3449 -17.67530
  3450 -23.19890
  3479 -23.19890
  3480 -65.17780
  3509 -65.17780
  3510 -46.39780
  3539 -46.39780
  3540 -27.61770
  3599 -27.61770
  3600 -2.20940
  3629 -2.20940
  3630 -23.19890
  3659 -23.19890
  3660 -14.36120
  3689 -14.36120
  3690 -23.59570
  3719 -23.59570
  3720 -27.88590
  3749 -27.88590
  3750 -28.95840
  3779 -28.95840
  3780 -17.16050
  3809 -17.16050
  3810 -22.52320
  3839 -22.52320
  3840 -63.27940
  3869 -63.27940
  3870 -45.04640
  3899 -45.04640
  3900 -26.81330
  3959 -26.81330
  3960 -2.14510
  3989 -2.14510
  3990 -22.52320
  4019 -22.52320
  4020 -13.94290
  4049 -13.94290
  4050 -26.19130
  4079 -26.19130
  4080 -30.95330
  4109 -30.95330
  4110 -32.14380
  4139 -32.14380
  4140 -19.04820
  4169 -19.04820
  4170 -25.00070
  4199 -25.00070
  4200 -70.24020
  4229 -70.24020
  4230 -50.00150
  4259 -50.00150
  4260 -29.76280
  4319 -29.76280
  4320 -2.38100
  4349 -2.38100
  4350 -25.00070
  4379 -25.00070
  4380 -15.47660
  4409 -15.47660
  4410 -23.59570
  4439 -23.59570
  4440 -27.88590
  4469 -27.88590
  4470 -28.95840
  4499 -28.95840
  4500 -17.16050
  4529 -17.16050
  4530 -22.52320
  4559 -22.52320
  4560 -63.27940
  4589 -63.27940
  4590 -45.04640
  4619 -45.04640
  4620 -26.81330
  4679 -26.81330
  4680 -2.14510
  4709 -2.14510
  4710 -22.52320
  4739 -22.52320
  4740 -13.94290
  4769 -13.94290
  4770 -24.77550
  4799 -24.77550
  4800 -29.28010
  4829 -29.28010
  4830 -30.40630
  4859 -30.40630
  4860 -18.01860
  4889 -18.01860
  4890 -23.64930
  4919 -23.64930
  4920 -66.44340
  4949 -66.44340
  4950 -47.29870
  4979 -47.29870
  4980 -28.15400
  5039 -28.15400
  5040 -2.25230
  5069 -2.25230
  5070 -23.64930
  5099 -23.64930
  5100 -14.64010
  5129 -14.64010
  5130 -23.59570
  5159 -23.59570
  5160 -27.88590
  5189 -27.88590
  5190 -28.95840
  5219 -28.95840
  5220 -17.16050
  5249 -17.16050
  5250 -22.52320
  5279 -22.52320
  5280 -63.27940
  5309 -63.27940
  5310 -45.04640
  5339 -45.04640
  5340 -26.81330
  5399 -26.81330
  5400 -2.14510
  5429 -2.14510
  5430 -22.52320
  5459 -22.52320
  5460 -13.94290
  5489 -13.94290
  5490 -29.49470
  5519 -29.49470
  5520 -34.85730
  5549 -34.85730
  5550 -36.19800
  5579 -36.19800
  5580 -21.45070
  5609 -21.45070
  5610 -28.15400
  5639 -28.15400
  5640 -79.09930
  5669 -79.09930
  5670 -56.30800
  5699 -56.30800
  5700 -33.51670
  5759 -33.51670
  5760 -2.68130
  5789 -2.68130
  5790 -28.15400
  5819 -28.15400
  5820 -17.42870
  5849 -17.42870
  5850 -25.48340
  5879 -25.48340
  5880 -30.11670
  5909 -30.11670
  5910 -31.27510
  5939 -31.27510
  5940 -18.53340
  5969 -18.53340
  5970 -24.32500
  5999 -24.32500
  6000 -68.34180
  6029 -68.34180
  6030 -48.65010
  6059 -48.65010
  6060 -28.95840
  6119 -28.95840
  6120 -2.31670
  6149 -2.31670
  6150 -24.32500
  6179 -24.32500
  6180 -15.05840
  6209 -15.05840
  6210 -28.31490
  6239 -28.31490
  6240 -33.46300
  6269 -33.46300
  6270 -34.75010
  6299 -34.75010
  6300 -20.59260
  6329 -20.59260
  6330 -27.02780
  6359 -27.02780
  6360 -75.93530
  6389 -75.93530
  6390 -54.05570
  6419 -54.05570
  6420 -32.17600
  6479 -32.17600
  6480 -2.57410
  6509 -2.57410
  6510 -27.02780
  6539 -27.02780
  6540 -16.73150
  6569 -16.73150
  6570 -34.21380
  6599 -34.21380
  6600 -40.43450
  6629 -40.43450
  6630 -41.98970
  6659 -41.98970
  6660 -24.88280
  6689 -24.88280
  6690 -32.65860
  6719 -32.65860
  6720 -91.75520
  6749 -91.75520
  6750 -65.31720
  6779 -65.31720
  6780 -38.87930
  6839 -38.87930
  6840 -3.11030
  6869 -3.11030
  6870 -32.65860
  6899 -32.65860
  6900 -20.21720
  6929 -20.21720
  6930 -27.13510
  6959 -27.13510
  6960 -32.06870
  6989 -32.06870
  6990 -33.30210
  7019 -33.30210
  7020 -19.73460
  7049 -19.73460
  7050 -25.90170
  7079 -25.90170
  7080 -72.77140
  7109 -72.77140
  7110 -51.80330
  7139 -51.80330
  7140 -30.83530
  7199 -30.83530
  7200 -2.46680
  7229 -2.46680
  7230 -25.90170
  7259 -25.90170
  7260 -16.03440
  7289 -16.03440
  7290 -10.72530
  7319 -10.72530
  7320 -11.79790
  7349 -11.79790
  7350 -10.72530
  7379 -10.72530
  7380 -4.29010
  7409 -4.29010
  7410 -34.32110
  7439 -34.32110
  7440 -46.11890
  7469 -46.11890
  7470 -7.50770
  7499 -7.50770
  7500 -11.79790
  7529 -11.79790
  7530 -11.79790
  7559 -11.79790
  7560 -18.23310
  7589 -18.23310
  7590 -8.58030
  7619 -8.58030
  7620 -10.72530
  7649 -10.72530
  7650 -9.65280
  7679 -9.65280
  7680 -20.37810
  7709 -20.37810
  7710 -30.03090
  7739 -30.03090
  7740 -33.24850
  7769 -33.24850
  7770 -31.10350
  7799 -31.10350
  7800 -15.01550
  7829 -15.01550
  7830 -17.16050
  7859 -17.16050
  7860 -13.94290
  8009 -13.94290
  8010 -9.65280
  8039 -9.65280
  8040 -20.37810
  8069 -20.37810
  8070 -30.03090
  8099 -30.03090
  8100 -33.24850
  8129 -33.24850
  8130 -31.10350
  8159 -31.10350
  8160 -15.01550
  8189 -15.01550
  8190 -17.16050
  8369 -17.16050
  8370 -7.50770
  8399 -7.50770
  8400 -6.43520
  8429 -6.43520
  8430 -10.72530
  8489 -10.72530
  8490 -23.59570
  8579 -23.59570
  8580 -12.87040
  8609 -12.87040
  8610 -15.01550
  8639 -15.01550
  8640 -9.65280
  8669 -9.65280
  8670 -6.43520
  8699 -6.43520
  8700 -7.50770
  8729 -7.50770
  8730 -13.94290
  8759 -13.94290
  8760 -9.65280
  8789 -9.65280
  8790 -11.79790
  8819 -11.79790
  8820 -3.21760
  8849 -3.21760
  8850 -5.36270
  8879 -5.36270
  8880 -10.72530
  8909 -10.72530
  8910 -10.72530
  8939 -10.72530
  8940 -11.79790
  8969 -11.79790
  8970 -7.50770
