# Well Pumping Time Series Data for Well N27 : N27
# Start Date 1991
# Transient Simulation
# Created on 23-Apr-2020 15:50:26
# Column-1: Time in days from start date
# Column-2: Pumping Volume in cubic meters
     0  0.00000
  1769  0.00000
  1770 -37.53860
  1799 -37.53860
  1800 -21.45070
  1859 -21.45070
  1860 -9.65280
  1889 -9.65280
  1890 -6.60680
  1919 -6.60680
  1920 -4.71910
  1949 -4.71910
  1950 -4.71910
  1979 -4.71910
  1980 -33.03400
  2039 -33.03400
  2040 -17.93270
  2069 -17.93270
  2070 -36.80930
  2099 -36.80930
  2100 -15.10130
  2129 -15.10130
  2130 -33.03400
  2159 -33.03400
  2160 -18.87660
  2219 -18.87660
  2220 -8.49450
  2249 -8.49450
  2250 -7.50770
  2279 -7.50770
  2280 -5.36270
  2309 -5.36270
  2310 -5.36270
  2339 -5.36270
  2340 -37.53860
  2399 -37.53860
  2400 -20.37810
  2429 -20.37810
  2430 -41.82880
  2459 -41.82880
  2460 -17.16050
  2489 -17.16050
  2490 -37.53860
  2519 -37.53860
  2520 -21.45070
  2579 -21.45070
  2580 -9.65280
  2609 -9.65280
  2610 -8.63390
  2639 -8.63390
  2640 -6.16710
  2669 -6.16710
  2670 -6.16710
  2699 -6.16710
  2700 -43.16940
  2759 -43.16940
  2760 -23.43480
  2789 -23.43480
  2790 -48.10310
  2819 -48.10310
  2820 -19.73460
  2849 -19.73460
  2850 -43.16940
  2879 -43.16940
  2880 -24.66830
  2939 -24.66830
  2940 -11.10070
  2969 -11.10070
  2970 -8.03330
  2999 -8.03330
  3000 -5.73810
  3029 -5.73810
  3030 -5.73810
  3059 -5.73810
  3060 -40.16640
  3119 -40.16640
  3120 -21.80460
  3149 -21.80460
  3150 -44.75680
  3179 -44.75680
  3180 -18.36180
  3209 -18.36180
  3210 -40.16640
  3239 -40.16640
  3240 -22.95220
  3299 -22.95220
  3300 -10.32850
  3329 -10.32850
  3330 -7.73300
  3359 -7.73300
  3360 -5.52350
  3389 -5.52350
  3390 -5.52350
  3419 -5.52350
  3420 -38.66480
  3479 -38.66480
  3480 -20.98950
  3509 -20.98950
  3510 -43.08360
  3539 -43.08360
  3540 -17.67530
  3569 -17.67530
  3570 -38.66480
  3599 -38.66480
  3600 -22.09420
  3659 -22.09420
  3660 -9.94240
  3689 -9.94240
  3690 -7.50770
  3719 -7.50770
  3720 -5.36270
  3749 -5.36270
  3750 -5.36270
  3779 -5.36270
  3780 -37.53860
  3839 -37.53860
  3840 -20.37810
  3869 -20.37810
  3870 -41.82880
  3899 -41.82880
  3900 -17.16050
  3929 -17.16050
  3930 -37.53860
  3959 -37.53860
  3960 -21.45070
  4019 -21.45070
  4020 -9.65280
  4049 -9.65280
  4050 -8.33360
  4079 -8.33360
  4080 -5.95260
  4109 -5.95260
  4110 -5.95260
  4139 -5.95260
  4140 -41.66790
  4199 -41.66790
  4200 -22.61970
  4229 -22.61970
  4230 -46.42990
  4259 -46.42990
  4260 -19.04820
  4289 -19.04820
  4290 -41.66790
  4319 -41.66790
  4320 -23.81020
  4379 -23.81020
  4380 -10.71460
  4409 -10.71460
  4410 -7.50770
  4439 -7.50770
  4440 -5.36270
  4469 -5.36270
  4470 -5.36270
  4499 -5.36270
  4500 -37.53860
  4559 -37.53860
  4560 -20.37810
  4589 -20.37810
  4590 -41.82880
  4619 -41.82880
  4620 -17.16050
  4649 -17.16050
  4650 -37.53860
  4679 -37.53860
  4680 -21.45070
  4739 -21.45070
  4740 -9.65280
  4769 -9.65280
  4770 -7.88310
  4799 -7.88310
  4800 -5.63080
  4829 -5.63080
  4830 -5.63080
  4859 -5.63080
  4860 -39.41560
  4919 -39.41560
  4920 -21.39700
  4949 -21.39700
  4950 -43.92020
  4979 -43.92020
  4980 -18.01860
  5009 -18.01860
  5010 -39.41560
  5039 -39.41560
  5040 -22.52320
  5099 -22.52320
  5100 -10.13540
  5129 -10.13540
  5130 -7.50770
  5159 -7.50770
  5160 -5.36270
  5189 -5.36270
  5190 -5.36270
  5219 -5.36270
  5220 -37.53860
  5279 -37.53860
  5280 -20.37810
  5309 -20.37810
  5310 -41.82880
  5339 -41.82880
  5340 -17.16050
  5369 -17.16050
  5370 -37.53860
  5399 -37.53860
  5400 -21.45070
  5459 -21.45070
  5460 -9.65280
  5489 -9.65280
  5490 -9.38470
  5519 -9.38470
  5520 -6.70330
  5549 -6.70330
  5550 -6.70330
  5579 -6.70330
  5580 -46.92330
  5639 -46.92330
  5640 -25.47270
  5669 -25.47270
  5670 -52.28600
  5699 -52.28600
  5700 -21.45070
  5729 -21.45070
  5730 -46.92330
  5759 -46.92330
  5760 -26.81330
  5819 -26.81330
  5820 -12.06600
  5849 -12.06600
  5850 -8.10830
  5879 -8.10830
  5880 -5.79170
  5909 -5.79170
  5910 -5.79170
  5939 -5.79170
  5940 -40.54170
  5999 -40.54170
  6000 -22.00840
  6029 -22.00840
  6030 -45.17510
  6059 -45.17510
  6060 -18.53340
  6089 -18.53340
  6090 -40.54170
  6119 -40.54170
  6120 -23.16670
  6179 -23.16670
  6180 -10.42500
  6209 -10.42500
  6210 -9.00930
  6239 -9.00930
  6240 -6.43520
  6269 -6.43520
  6270 -6.43520
  6299 -6.43520
  6300 -45.04640
  6359 -45.04640
  6360 -24.45370
  6389 -24.45370
  6390 -50.19450
  6419 -50.19450
  6420 -20.59260
  6449 -20.59260
  6450 -45.04640
  6479 -45.04640
  6480 -25.74080
  6539 -25.74080
  6540 -11.58340
  6569 -11.58340
  6570 -10.88620
  6599 -10.88620
  6600 -7.77590
  6629 -7.77590
  6630 -7.77590
  6659 -7.77590
  6660 -54.43100
  6719 -54.43100
  6720 -29.54830
  6749 -29.54830
  6750 -60.65170
  6779 -60.65170
  6780 -24.88280
  6809 -24.88280
  6810 -54.43100
  6839 -54.43100
  6840 -31.10350
  6899 -31.10350
  6900 -13.99660
  6929 -13.99660
  6930 -8.63390
  6959 -8.63390
  6960 -6.16710
  6989 -6.16710
  6990 -6.16710
  7019 -6.16710
  7020 -43.16940
  7079 -43.16940
  7080 -23.43480
  7109 -23.43480
  7110 -48.10310
  7139 -48.10310
  7140 -19.73460
  7169 -19.73460
  7170 -43.16940
  7199 -43.16940
  7200 -24.66830
  7259 -24.66830
  7260 -11.10070
  7289 -11.10070
  7290 -9.65280
  7319 -9.65280
  7320 -39.68370
  7349 -39.68370
  7350 -7.50770
  7379 -7.50770
  7380 -36.46610
  7409 -36.46610
  7410 -36.46610
  7439 -36.46610
  7440 -70.78720
  7469 -70.78720
  7470 -40.75620
  7499 -40.75620
  7500 -38.61120
  7529 -38.61120
  7530 -36.46610
  7559 -36.46610
  7560 -27.88590
  7589 -27.88590
  7590 -24.66830
  7619 -24.66830
  7620 -9.65280
  7649 -9.65280
  7650 -22.52320
  7679 -22.52320
  7680 -8.58030
  7709 -8.58030
  7710 -12.87040
  7739 -12.87040
  7740 -26.81330
  7769 -26.81330
  7770 -54.69920
  7799 -54.69920
  7800 -36.46610
  7829 -36.46610
  7830 -27.88590
  7859 -27.88590
  7860 -28.95840
  7889 -28.95840
  7890 -24.66830
  7919 -24.66830
  7920 -28.95840
  7949 -28.95840
  7950 -17.16050
  7979 -17.16050
  7980 -23.59570
  8009 -23.59570
  8010 -22.52320
  8039 -22.52320
  8040 -8.58030
  8069 -8.58030
  8070 -12.87040
  8099 -12.87040
  8100 -26.81330
  8129 -26.81330
  8130 -54.69920
  8159 -54.69920
  8160 -36.46610
  8189 -36.46610
  8190 -27.88590
  8219 -27.88590
  8220 -24.66830
  8249 -24.66830
  8250 -28.95840
  8279 -28.95840
  8280 -17.16050
  8309 -17.16050
  8310 -23.59570
  8339 -23.59570
  8340 -0.85800
  8369 -0.85800
  8370 -30.03090
  8399 -30.03090
  8400 -12.87040
  8429 -12.87040
  8430 -27.88590
  8459 -27.88590
  8460 -28.95840
  8489 -28.95840
  8490 -28.95840
  8519 -28.95840
  8520 -24.66830
  8549 -24.66830
  8550 -26.81330
  8579 -26.81330
  8580 -20.37810
  8609 -20.37810
  8610 -21.45070
  8639 -21.45070
  8640 -22.52320
  8669 -22.52320
  8670 -18.23310
  8699 -18.23310
  8700 -25.74080
  8729 -25.74080
  8730 -21.45070
  8759 -21.45070
  8760 -13.94290
  8789 -13.94290
  8790 -18.23310
  8819 -18.23310
  8820 -26.81330
  8849 -26.81330
  8850 -21.45070
  8879 -21.45070
  8880 -15.01550
  8909 -15.01550
  8910 -24.66830
  8939 -24.66830
  8940 -17.16050
  8969 -17.16050
  8970 -20.37810
