# Well Pumping Time Series Data for Well 101206 : 101206
# Start Date 1991
# Transient Simulation
# Created on 23-Apr-2020 15:50:21
# Column-1: Time in days from start date
# Column-2: Pumping Volume in cubic meters
     0  0.00000
  1529  0.00000
  1530 -5.50950
  1559 -5.50950
  1560 -5.17090
  1589 -5.17090
  1590 -5.94750
  1619 -5.94750
  1620 -6.52330
  1649 -6.52330
  1650 -8.06350
  1679 -8.06350
  1680 -8.51010
  1709 -8.51010
  1710 -9.08880
  1739 -9.08880
  1740 -9.08880
  1769 -9.08880
  1770 -8.31070
  1799 -8.31070
  1800 -7.63360
  1829 -7.63360
  1830 -6.22450
  1859 -6.22450
  1860 -5.59370
  1889 -5.59370
  1890 -3.47870
  1919 -3.47870
  1920 -3.26490
  1949 -3.26490
  1950 -3.75520
  1979 -3.75520
  1980 -4.11880
  2009 -4.11880
  2010 -5.09130
  2039 -5.09130
  2040 -5.37320
  2069 -5.37320
  2070 -5.73860
  2099 -5.73860
  2100 -5.73860
  2129 -5.73860
  2130 -5.24730
  2159 -5.24730
  2160 -4.81980
  2189 -4.81980
  2190 -3.93010
  2219 -3.93010
  2220 -3.53190
  2249 -3.53190
  2250 -0.13760
  2279 -0.13760
  2280 -0.12920
  2309 -0.12920
  2310 -0.14860
  2339 -0.14860
  2340 -0.16290
  2369 -0.16290
  2370 -0.20140
  2399 -0.20140
  2400 -0.21260
  2429 -0.21260
  2430 -0.22700
  2459 -0.22700
  2460 -0.22700
  2489 -0.22700
  2490 -0.20760
  2519 -0.20760
  2520 -0.19070
  2549 -0.19070
  2550 -0.15550
  2579 -0.15550
  2580 -0.13970
  2609 -0.13970
  2610 -5.39730
  2639 -5.39730
  2640 -5.06570
  2669 -5.06570
  2670 -5.82650
  2699 -5.82650
  2700 -6.39050
  2729 -6.39050
  2730 -7.89940
  2759 -7.89940
  2760 -8.33690
  2789 -8.33690
  2790 -8.90380
  2819 -8.90380
  2820 -8.90380
  2849 -8.90380
  2850 -8.14150
  2879 -8.14150
  2880 -7.47830
  2909 -7.47830
  2910 -6.09780
  2939 -6.09780
  2940 -5.47990
  2969 -5.47990
  2970 -0.95800
  2999 -0.95800
  3000 -0.89910
  3029 -0.89910
  3030 -1.03420
  3059 -1.03420
  3060 -1.13430
  3089 -1.13430
  3090 -1.40210
  3119 -1.40210
  3120 -1.47970
  3149 -1.47970
  3150 -1.58040
  3179 -1.58040
  3180 -1.58040
  3209 -1.58040
  3210 -1.44510
  3239 -1.44510
  3240 -1.32730
  3269 -1.32730
  3270 -1.08230
  3299 -1.08230
  3300 -0.97260
  3329 -0.97260
  3330 -3.50910
  3359 -3.50910
  3360 -3.29340
  3389 -3.29340
  3390 -3.78810
  3419 -3.78810
  3420 -4.15480
  3449 -4.15480
  3450 -5.13580
  3479 -5.13580
  3480 -5.42020
  3509 -5.42020
  3510 -5.78880
  3539 -5.78880
  3540 -5.78880
  3569 -5.78880
  3570 -5.29320
  3599 -5.29320
  3600 -4.86200
  3629 -4.86200
  3630 -3.96450
  3659 -3.96450
  3660 -3.56280
  3689 -3.56280
  3690 -3.14210
  3719 -3.14210
  3720 -2.94900
  3749 -2.94900
  3750 -3.39190
  3779 -3.39190
  3780 -3.72030
  3809 -3.72030
  3810 -4.59870
  3839 -4.59870
  3840 -4.85340
  3869 -4.85340
  3870 -5.18340
  3899 -5.18340
  3900 -5.18340
  3929 -5.18340
  3930 -4.73970
  3959 -4.73970
  3960 -4.35350
  3989 -4.35350
  3990 -3.54990
  4019 -3.54990
  4020 -3.19020
  4049 -3.19020
  4050 -0.70910
  4079 -0.70910
  4080 -0.66550
  4109 -0.66550
  4110 -0.76540
  4139 -0.76540
  4140 -0.83950
  4169 -0.83950
  4170 -1.03780
  4199 -1.03780
  4200 -1.09520
  4229 -1.09520
  4230 -1.16970
  4259 -1.16970
  4260 -1.16970
  4289 -1.16970
  4290 -1.06960
  4319 -1.06960
  4320 -0.98240
  4349 -0.98240
  4350 -0.80110
  4379 -0.80110
  4380 -0.71990
  4409 -0.71990
  4410 -1.15930
  4439 -1.15930
  4440 -1.08810
  4469 -1.08810
  4470 -1.25150
  4499 -1.25150
  4500 -1.37270
  4529 -1.37270
  4530 -1.69680
  4559 -1.69680
  4560 -1.79080
  4589 -1.79080
  4590 -1.91250
  4619 -1.91250
  4620 -1.91250
  4649 -1.91250
  4650 -1.74880
  4679 -1.74880
  4680 -1.60630
  4709 -1.60630
  4710 -1.30980
  4739 -1.30980
  4740 -1.17710
  5489 -1.17710
  5490 -0.87150
  5519 -0.87150
  5520 -0.81800
  5549 -0.81800
  5550 -0.94080
  5579 -0.94080
  5580 -1.03190
  5609 -1.03190
  5610 -1.27560
  5639 -1.27560
  5640 -1.34620
  5669 -1.34620
  5670 -1.43770
  5699 -1.43770
  5700 -1.43770
  5729 -1.43770
  5730 -1.31470
  5759 -1.31470
  5760 -1.20760
  5789 -1.20760
  5790 -0.98460
  5819 -0.98460
  5820 -0.88490
  5849 -0.88490
  5850 -0.73350
  5879 -0.73350
  5880 -0.68840
  5909 -0.68840
  5910 -0.79180
  5939 -0.79180
  5940 -0.86840
  5969 -0.86840
  5970 -1.07350
  5999 -1.07350
  6000 -1.13290
  6029 -1.13290
  6030 -1.21000
  6059 -1.21000
  6060 -1.21000
  6089 -1.21000
  6090 -1.10640
  6119 -1.10640
  6120 -1.01620
  6149 -1.01620
  6150 -0.82870
  6179 -0.82870
  6180 -0.74470
  6209 -0.74470
  6210 -0.73690
  6239 -0.73690
  6240 -0.69160
  6269 -0.69160
  6270 -0.79540
  6299 -0.79540
  6300 -0.87250
  6329 -0.87250
  6330 -1.07850
  6359 -1.07850
  6360 -1.13820
  6389 -1.13820
  6390 -1.21560
  6419 -1.21560
  6420 -1.21560
  6449 -1.21560
  6450 -1.11150
  6479 -1.11150
  6480 -1.02100
  6509 -1.02100
  6510 -0.83250
  6539 -0.83250
  6540 -0.74810
  6929 -0.74810
  6930 -0.48160
  6959 -0.48160
  6960 -0.45200
  6989 -0.45200
  6990 -0.51990
  7019 -0.51990
  7020 -0.57030
  7049 -0.57030
  7050 -0.70490
  7079 -0.70490
  7080 -0.74400
  7109 -0.74400
  7110 -0.79450
  7139 -0.79450
  7140 -0.79450
  7169 -0.79450
  7170 -0.72650
  7199 -0.72650
  7200 -0.66730
  7229 -0.66730
  7230 -0.54410
  7259 -0.54410
  7260 -0.48900
  7289 -0.48900
  7290 -0.66510
  7319 -0.66510
  7320 -0.62420
  7349 -0.62420
  7350 -0.71800
  7379 -0.71800
  7380 -0.78750
  7409 -0.78750
  7410 -0.97350
  7439 -0.97350
  7440 -1.02740
  7469 -1.02740
  7470 -1.09720
  7499 -1.09720
  7500 -1.09720
  7529 -1.09720
  7530 -1.00330
  7559 -1.00330
  7560 -0.92160
  7589 -0.92160
  7590 -0.75140
  7619 -0.75140
  7620 -0.67530
  7649 -0.67530
  7650 -0.72220
  7679 -0.72220
  7680 -0.67790
  7709 -0.67790
  7710 -0.77970
  7739 -0.77970
  7740 -0.85520
  7769 -0.85520
  7770 -1.05710
  7799 -1.05710
  7800 -1.11560
  7829 -1.11560
  7830 -1.19150
  7859 -1.19150
  7860 -1.19150
  7889 -1.19150
  7890 -1.08950
  7919 -1.08950
  7920 -1.00070
  7949 -1.00070
  7950 -0.81600
  7979 -0.81600
  7980 -0.73330
  8009 -0.73330
  8010 -0.69640
  8039 -0.69640
  8040 -0.65360
  8069 -0.65360
  8070 -0.75180
  8099 -0.75180
  8100 -0.82460
  8129 -0.82460
  8130 -1.01930
  8159 -1.01930
  8160 -1.07570
  8189 -1.07570
  8190 -1.14890
  8219 -1.14890
  8220 -1.14890
  8249 -1.14890
  8250 -1.05050
  8279 -1.05050
  8280 -0.96490
  8309 -0.96490
  8310 -0.78680
  8339 -0.78680
  8340 -0.70710
  8369 -0.70710
  8370 -0.18900
  8399 -0.18900
  8400 -0.17740
  8429 -0.17740
  8430 -0.20410
  8459 -0.20410
  8460 -0.22380
  8489 -0.22380
  8490 -0.27670
  8519 -0.27670
  8520 -0.29200
  8549 -0.29200
  8550 -0.31180
  8579 -0.31180
  8580 -0.31180
  8609 -0.31180
  8610 -0.28510
  8639 -0.28510
  8640 -0.26190
  8669 -0.26190
  8670 -0.21360
  8699 -0.21360
  8700 -0.19190
