# Well Pumping Time Series Data for Well 100539 : 100539
# Start Date 1991
# Transient Simulation
# Created on 23-Apr-2020 15:50:12
# Column-1: Time in days from start date
# Column-2: Pumping Volume in cubic meters
     0  0.00000
  2249  0.00000
  2250 -0.69570
  2279 -0.69570
  2280 -0.65290
  2309 -0.65290
  2310 -0.75100
  2339 -0.75100
  2340 -0.82370
  2369 -0.82370
  2370 -1.01820
  2399 -1.01820
  2400 -1.07460
  2429 -1.07460
  2430 -1.14770
  2459 -1.14770
  2460 -1.14770
  2489 -1.14770
  2490 -1.04940
  2519 -1.04940
  2520 -0.96390
  2549 -0.96390
  2550 -0.78600
  2579 -0.78600
  2580 -0.70630
  2609 -0.70630
  2610 -0.53680
  2639 -0.53680
  2640 -0.50380
  2669 -0.50380
  2670 -0.57940
  2699 -0.57940
  2700 -0.63550
  2729 -0.63550
  2730 -0.78560
  2759 -0.78560
  2760 -0.82910
  2789 -0.82910
  2790 -0.88550
  2819 -0.88550
  2820 -0.88550
  2849 -0.88550
  2850 -0.80970
  2879 -0.80970
  2880 -0.74370
  2909 -0.74370
  2910 -0.60640
  2939 -0.60640
  2940 -0.54500
  2969 -0.54500
  2970 -3.14610
  2999 -3.14610
  3000 -2.95280
  3029 -2.95280
  3030 -3.39630
  3059 -3.39630
  3060 -3.72510
  3089 -3.72510
  3090 -4.60460
  3119 -4.60460
  3120 -4.85960
  3149 -4.85960
  3150 -5.19010
  3179 -5.19010
  3180 -5.19010
  3209 -5.19010
  3210 -4.74570
  3239 -4.74570
  3240 -4.35910
  3269 -4.35910
  3270 -3.55440
  3299 -3.55440
  3300 -3.19430
  3329 -3.19430
  3330 -3.12680
  3359 -3.12680
  3360 -2.93470
  3389 -2.93470
  3390 -3.37540
  3419 -3.37540
  3420 -3.70220
  3449 -3.70220
  3450 -4.57640
  3479 -4.57640
  3480 -4.82980
  3509 -4.82980
  3510 -5.15820
  3539 -5.15820
  3540 -5.15820
  3569 -5.15820
  3570 -4.71660
  3599 -4.71660
  3600 -4.33240
  3629 -4.33240
  3630 -3.53260
  3659 -3.53260
  3660 -3.17470
  3689 -3.17470
  3690 -2.37000
  3719 -2.37000
  3720 -2.22430
  3749 -2.22430
  3750 -2.55840
  3779 -2.55840
  3780 -2.80610
  3809 -2.80610
  3810 -3.46860
  3839 -3.46860
  3840 -3.66070
  3869 -3.66070
  3870 -3.90960
  3899 -3.90960
  3900 -3.90960
  3929 -3.90960
  3930 -3.57490
  3959 -3.57490
  3960 -3.28370
  3989 -3.28370
  3990 -2.67750
  4019 -2.67750
  4020 -2.40620
  4049 -2.40620
  4050 -2.53820
  4079 -2.53820
  4080 -2.38220
  4109 -2.38220
  4110 -2.74000
  4139 -2.74000
  4140 -3.00520
  4169 -3.00520
  4170 -3.71480
  4199 -3.71480
  4200 -3.92050
  4229 -3.92050
  4230 -4.18710
  4259 -4.18710
  4260 -4.18710
  4289 -4.18710
  4290 -3.82860
  4319 -3.82860
  4320 -3.51670
  4349 -3.51670
  4350 -2.86760
  4379 -2.86760
  4380 -2.57700
  4409 -2.57700
  4410 -2.17580
  4439 -2.17580
  4440 -2.04210
  4469 -2.04210
  4470 -2.34880
  4499 -2.34880
  4500 -2.57620
  4529 -2.57620
  4530 -3.18450
  4559 -3.18450
  4560 -3.36080
  4589 -3.36080
  4590 -3.58940
  4619 -3.58940
  4620 -3.58940
  4649 -3.58940
  4650 -3.28210
  4679 -3.28210
  4680 -3.01470
  4709 -3.01470
  4710 -2.45820
  4739 -2.45820
  4740 -2.20910
  4769 -2.20910
  4770 -1.90460
  4799 -1.90460
  4800 -1.78760
  4829 -1.78760
  4830 -2.05610
  4859 -2.05610
  4860 -2.25510
  4889 -2.25510
  4890 -2.78760
  4919 -2.78760
  4920 -2.94190
  4949 -2.94190
  4950 -3.14200
  4979 -3.14200
  4980 -3.14200
  5009 -3.14200
  5010 -2.87300
  5039 -2.87300
  5040 -2.63890
  5069 -2.63890
  5070 -2.15180
  5099 -2.15180
  5100 -1.93380
  5129 -1.93380
  5130 -0.57830
  5159 -0.57830
  5160 -0.54280
  5189 -0.54280
  5190 -0.62430
  5219 -0.62430
  5220 -0.68480
  5249 -0.68480
  5250 -0.84640
  5279 -0.84640
  5280 -0.89330
  5309 -0.89330
  5310 -0.95410
  5339 -0.95410
  5340 -0.95410
  5369 -0.95410
  5370 -0.87240
  5399 -0.87240
  5400 -0.80130
  5429 -0.80130
  5430 -0.65340
  5459 -0.65340
  5460 -0.58720
  5489 -0.58720
  5490 -0.21410
  5519 -0.21410
  5520 -0.20090
  5549 -0.20090
  5550 -0.23110
  5579 -0.23110
  5580 -0.25350
  5609 -0.25350
  5610 -0.31330
  5639 -0.31330
  5640 -0.33060
  5669 -0.33060
  5670 -0.35310
  5699 -0.35310
  5700 -0.35310
  5729 -0.35310
  5730 -0.32290
  5759 -0.32290
  5760 -0.29660
  5789 -0.29660
  5790 -0.24180
  5819 -0.24180
  5820 -0.21730
  5849 -0.21730
  5850 -0.21410
  5879 -0.21410
  5880 -0.20090
  5909 -0.20090
  5910 -0.23110
  5939 -0.23110
  5940 -0.25350
  5969 -0.25350
  5970 -0.31330
  5999 -0.31330
  6000 -0.33060
  6029 -0.33060
  6030 -0.35310
  6059 -0.35310
  6060 -0.35310
  6089 -0.35310
  6090 -0.32290
  6119 -0.32290
  6120 -0.29660
  6149 -0.29660
  6150 -0.24180
  6179 -0.24180
  6180 -0.21730
  6209 -0.21730
  6210 -1.81690
  6239 -1.81690
  6240 -1.70520
  6269 -1.70520
  6270 -1.96130
  6299 -1.96130
  6300 -2.15120
  6329 -2.15120
  6330 -2.65910
  6359 -2.65910
  6360 -2.80640
  6389 -2.80640
  6390 -2.99720
  6419 -2.99720
  6420 -2.99720
  6449 -2.99720
  6450 -2.74060
  6479 -2.74060
  6480 -2.51730
  6509 -2.51730
  6510 -2.05270
  6539 -2.05270
  6540 -1.84470
  6569 -1.84470
  6570 -0.00760
  6599 -0.00760
  6600 -0.00720
  6629 -0.00720
  6630 -0.00830
  6659 -0.00830
  6660 -0.00910
  6689 -0.00910
  6690 -0.01120
  6719 -0.01120
  6720 -0.01180
  6749 -0.01180
  6750 -0.01260
  6779 -0.01260
  6780 -0.01260
  6809 -0.01260
  6810 -0.01150
  6839 -0.01150
  6840 -0.01060
  6869 -0.01060
  6870 -0.00860
  6899 -0.00860
  6900 -0.00780
  8369 -0.00780
  8370 -0.01130
  8399 -0.01130
  8400 -0.01060
  8429 -0.01060
  8430 -0.01220
  8459 -0.01220
  8460 -0.01330
  8489 -0.01330
  8490 -0.01650
  8519 -0.01650
  8520 -0.01740
  8549 -0.01740
  8550 -0.01860
  8579 -0.01860
  8580 -0.01860
  8609 -0.01860
  8610 -0.01700
  8639 -0.01700
  8640 -0.01560
  8669 -0.01560
  8670 -0.01270
  8699 -0.01270
  8700 -0.01140
