# Well Pumping Time Series Data for Well 100950 : 100950
# Start Date 1991
# Transient Simulation
# Created on 23-Apr-2020 15:50:17
# Column-1: Time in days from start date
# Column-2: Pumping Volume in cubic meters
     0  0.00000
     1 -0.29550
    29 -0.29550
    30 -0.24100
    59 -0.24100
    60 -0.21660
    89 -0.21660
    90 -0.21410
   119 -0.21410
   120 -0.20090
   149 -0.20090
   150 -0.23110
   179 -0.23110
   180 -0.25350
   209 -0.25350
   210 -0.31330
   239 -0.31330
   240 -0.33060
   269 -0.33060
   270 -0.35310
   299 -0.35310
   300 -0.35310
   329 -0.35310
   330 -0.32290
   359 -0.32290
   360 -0.29660
   389 -0.29660
   390 -0.24180
   419 -0.24180
   420 -0.21730
   449 -0.21730
   450 -0.21410
   479 -0.21410
   480 -0.20090
   509 -0.20090
   510 -0.23110
   539 -0.23110
   540 -0.25350
   569 -0.25350
   570 -0.31330
   599 -0.31330
   600 -0.33060
   629 -0.33060
   630 -0.35310
   659 -0.35310
   660 -0.35310
   689 -0.35310
   690 -0.32290
   719 -0.32290
   720 -0.29660
   749 -0.29660
   750 -0.24180
   779 -0.24180
   780 -0.21730
   809 -0.21730
   810 -0.22170
   839 -0.22170
   840 -0.20810
   869 -0.20810
   870 -0.23930
   899 -0.23930
   900 -0.26250
   929 -0.26250
   930 -0.32450
   959 -0.32450
   960 -0.34250
   989 -0.34250
   990 -0.36570
  1019 -0.36570
  1020 -0.36570
  1049 -0.36570
  1050 -0.33440
  1079 -0.33440
  1080 -0.30720
  1109 -0.30720
  1110 -0.25050
  1139 -0.25050
  1140 -0.22510
  1169 -0.22510
  1170 -0.22780
  1199 -0.22780
  1200 -0.21380
  1229 -0.21380
  1230 -0.24590
  1259 -0.24590
  1260 -0.26970
  1289 -0.26970
  1290 -0.33340
  1319 -0.33340
  1320 -0.35180
  1349 -0.35180
  1350 -0.37570
  1379 -0.37570
  1380 -0.37570
  1409 -0.37570
  1410 -0.34360
  1439 -0.34360
  1440 -0.31560
  1469 -0.31560
  1470 -0.25730
  1499 -0.25730
  1500 -0.23130
  1529 -0.23130
  1530 -0.22120
  1559 -0.22120
  1560 -0.20760
  1589 -0.20760
  1590 -0.23880
  1619 -0.23880
  1620 -0.26190
  1649 -0.26190
  1650 -0.32370
  1679 -0.32370
  1680 -0.34160
  1709 -0.34160
  1710 -0.36490
  1739 -0.36490
  1740 -0.36490
  1769 -0.36490
  1770 -0.33360
  1799 -0.33360
  1800 -0.30640
  1829 -0.30640
  1830 -0.24990
  1859 -0.24990
  1860 -0.22460
  1889 -0.22460
  1890 -0.24770
  1919 -0.24770
  1920 -0.23240
  1949 -0.23240
  1950 -0.26740
  1979 -0.26740
  1980 -0.29320
  2009 -0.29320
  2010 -0.36250
  2039 -0.36250
  2040 -0.38250
  2069 -0.38250
  2070 -0.40860
  2099 -0.40860
  2100 -0.40860
  2129 -0.40860
  2130 -0.37360
  2159 -0.37360
  2160 -0.34310
  2189 -0.34310
  2190 -0.27980
  2219 -0.27980
  2220 -0.25150
  2249 -0.25150
  2250 -0.23700
  2279 -0.23700
  2280 -0.22240
  2309 -0.22240
  2310 -0.25580
  2339 -0.25580
  2340 -0.28060
  2369 -0.28060
  2370 -0.34690
  2399 -0.34690
  2400 -0.36610
  2429 -0.36610
  2430 -0.39100
  2459 -0.39100
  2460 -0.39100
  2489 -0.39100
  2490 -0.35750
  2519 -0.35750
  2520 -0.32840
  2549 -0.32840
  2550 -0.26780
  2579 -0.26780
  2580 -0.24060
  2609 -0.24060
  2610 -0.14890
  2639 -0.14890
  2640 -0.13980
  2669 -0.13980
  2670 -0.16080
  2699 -0.16080
  2700 -0.17630
  2729 -0.17630
  2730 -0.21790
  2759 -0.21790
  2760 -0.23000
  2789 -0.23000
  2790 -0.24570
  2819 -0.24570
  2820 -0.24570
  2849 -0.24570
  2850 -0.22460
  2879 -0.22460
  2880 -0.20630
  2909 -0.20630
  2910 -0.16820
  2939 -0.16820
  2940 -0.15120
  2969 -0.15120
  2970 -0.18430
  2999 -0.18430
  3000 -0.17300
  3029 -0.17300
  3030 -0.19900
  3059 -0.19900
  3060 -0.21820
  3089 -0.21820
  3090 -0.26970
  3119 -0.26970
  3120 -0.28470
  3149 -0.28470
  3150 -0.30400
  3179 -0.30400
  3180 -0.30400
  3209 -0.30400
  3210 -0.27800
  3239 -0.27800
  3240 -0.25540
  3269 -0.25540
  3270 -0.20820
  3299 -0.20820
  3300 -0.18710
  3329 -0.18710
  3330 -0.19110
  3359 -0.19110
  3360 -0.17940
  3389 -0.17940
  3390 -0.20630
  3419 -0.20630
  3420 -0.22630
  3449 -0.22630
  3450 -0.27970
  3479 -0.27970
  3480 -0.29520
  3509 -0.29520
  3510 -0.31530
  3539 -0.31530
  3540 -0.31530
  3569 -0.31530
  3570 -0.28830
  3599 -0.28830
  3600 -0.26480
  3629 -0.26480
  3630 -0.21590
  3659 -0.21590
  3660 -0.19410
  3689 -0.19410
  3690 -0.15290
  3719 -0.15290
  3720 -0.14350
  3749 -0.14350
  3750 -0.16510
  3779 -0.16510
  3780 -0.18100
  3809 -0.18100
  3810 -0.22380
  3839 -0.22380
  3840 -0.23620
  3869 -0.23620
  3870 -0.25220
  3899 -0.25220
  3900 -0.25220
  3929 -0.25220
  3930 -0.23060
  3959 -0.23060
  3960 -0.21190
  3989 -0.21190
  3990 -0.17270
  4019 -0.17270
  4020 -0.15520
  4049 -0.15520
  4050 -0.20780
  4079 -0.20780
  4080 -0.19510
  4109 -0.19510
  4110 -0.22440
  4139 -0.22440
  4140 -0.24610
  4169 -0.24610
  4170 -0.30420
  4199 -0.30420
  4200 -0.32100
  4229 -0.32100
  4230 -0.34290
  4259 -0.34290
  4260 -0.34290
  4289 -0.34290
  4290 -0.31350
  4319 -0.31350
  4320 -0.28800
  4349 -0.28800
  4350 -0.23480
  4379 -0.23480
  4380 -0.21100
  4409 -0.21100
  4410 -0.18430
  4439 -0.18430
  4440 -0.17290
  4469 -0.17290
  4470 -0.19890
  4499 -0.19890
  4500 -0.21820
  4529 -0.21820
  4530 -0.26970
  4559 -0.26970
  4560 -0.28460
  4589 -0.28460
  4590 -0.30400
  4619 -0.30400
  4620 -0.30400
  4649 -0.30400
  4650 -0.27800
  4679 -0.27800
  4680 -0.25530
  4709 -0.25530
  4710 -0.20820
  4739 -0.20820
  4740 -0.18710
  4769 -0.18710
  4770 -0.12630
  4799 -0.12630
  4800 -0.11860
  4829 -0.11860
  4830 -0.13640
  4859 -0.13640
  4860 -0.14960
  4889 -0.14960
  4890 -0.18490
  4919 -0.18490
  4920 -0.19520
  4949 -0.19520
  4950 -0.20840
  4979 -0.20840
  4980 -0.20840
  5009 -0.20840
  5010 -0.19060
  5039 -0.19060
  5040 -0.17510
  5069 -0.17510
  5070 -0.14270
  5099 -0.14270
  5100 -0.12830
  5129 -0.12830
  5130 -0.05130
  5159 -0.05130
  5160 -0.04810
  5189 -0.04810
  5190 -0.05530
  5219 -0.05530
  5220 -0.06070
  5249 -0.06070
  5250 -0.07500
  5279 -0.07500
  5280 -0.07920
  5309 -0.07920
  5310 -0.08460
  5339 -0.08460
  5340 -0.08460
  5369 -0.08460
  5370 -0.07730
  5399 -0.07730
  5400 -0.07100
  5429 -0.07100
  5430 -0.05790
  5459 -0.05790
  5460 -0.05200
  5489 -0.05200
  5490 -0.05350
  5519 -0.05350
  5520 -0.05020
  5549 -0.05020
  5550 -0.05780
  5579 -0.05780
  5580 -0.06340
  5609 -0.06340
  5610 -0.07830
  5639 -0.07830
  5640 -0.08270
  5669 -0.08270
  5670 -0.08830
  5699 -0.08830
  5700 -0.08830
  5729 -0.08830
  5730 -0.08070
  5759 -0.08070
  5760 -0.07410
  5789 -0.07410
  5790 -0.06050
  5819 -0.06050
  5820 -0.05430
  5849 -0.05430
  5850 -0.11100
  5879 -0.11100
  5880 -0.10420
  5909 -0.10420
  5910 -0.11980
  5939 -0.11980
  5940 -0.13140
  5969 -0.13140
  5970 -0.16250
  5999 -0.16250
  6000 -0.17150
  6029 -0.17150
  6030 -0.18310
  6059 -0.18310
  6060 -0.18310
  6089 -0.18310
  6090 -0.16740
  6119 -0.16740
  6120 -0.15380
  6149 -0.15380
  6150 -0.12540
  6179 -0.12540
  6180 -0.11270
  6209 -0.11270
  6210 -0.18970
  6239 -0.18970
  6240 -0.17800
  6269 -0.17800
  6270 -0.20480
  6299 -0.20480
  6300 -0.22460
  6329 -0.22460
  6330 -0.27760
  6359 -0.27760
  6360 -0.29300
  6389 -0.29300
  6390 -0.31290
  6419 -0.31290
  6420 -0.31290
  6449 -0.31290
  6450 -0.28610
  6479 -0.28610
  6480 -0.26280
  6509 -0.26280
  6510 -0.21430
  6539 -0.21430
  6540 -0.19260
  6569 -0.19260
  6570 -0.13000
  6599 -0.13000
  6600 -0.12200
  6629 -0.12200
  6630 -0.14030
  6659 -0.14030
  6660 -0.15390
  6689 -0.15390
  6690 -0.19020
  6719 -0.19020
  6720 -0.20070
  6749 -0.20070
  6750 -0.21440
  6779 -0.21440
  6780 -0.21440
  6809 -0.21440
  6810 -0.19600
  6839 -0.19600
  6840 -0.18010
  6869 -0.18010
  6870 -0.14680
  6899 -0.14680
  6900 -0.13200
  6929 -0.13200
  6930 -0.08410
  6959 -0.08410
  6960 -0.07890
  6989 -0.07890
  6990 -0.09080
  7019 -0.09080
  7020 -0.09960
  7049 -0.09960
  7050 -0.12310
  7079 -0.12310
  7080 -0.12990
  7109 -0.12990
  7110 -0.13870
  7139 -0.13870
  7140 -0.13870
  7169 -0.13870
  7170 -0.12690
  7199 -0.12690
  7200 -0.11650
  7229 -0.11650
  7230 -0.09500
  7259 -0.09500
  7260 -0.08540
  7289 -0.08540
  7290 -0.03060
  7319 -0.03060
  7320 -0.02870
  7349 -0.02870
  7350 -0.03300
  7379 -0.03300
  7380 -0.03620
  7409 -0.03620
  7410 -0.04480
  7439 -0.04480
  7440 -0.04720
  7469 -0.04720
  7470 -0.05040
  7499 -0.05040
  7500 -0.05040
  7529 -0.05040
  7530 -0.04610
  7559 -0.04610
  7560 -0.04240
  7589 -0.04240
  7590 -0.03450
  7619 -0.03450
  7620 -0.03100
  7649 -0.03100
  7650 -0.07160
  7679 -0.07160
  7680 -0.06720
  7709 -0.06720
  7710 -0.07730
  7739 -0.07730
  7740 -0.08480
  7769 -0.08480
  7770 -0.10480
  7799 -0.10480
  7800 -0.11060
  7829 -0.11060
  7830 -0.11820
  7859 -0.11820
  7860 -0.11820
  7889 -0.11820
  7890 -0.10800
  7919 -0.10800
  7920 -0.09920
  7949 -0.09920
  7950 -0.08090
  7979 -0.08090
  7980 -0.07270
  8009 -0.07270
  8010 -0.07010
  8039 -0.07010
  8040 -0.06580
  8069 -0.06580
  8070 -0.07570
  8099 -0.07570
  8100 -0.08300
  8129 -0.08300
  8130 -0.10260
  8159 -0.10260
  8160 -0.10820
  8189 -0.10820
  8190 -0.11560
  8219 -0.11560
  8220 -0.11560
  8249 -0.11560
  8250 -0.10570
  8279 -0.10570
  8280 -0.09710
  8309 -0.09710
  8310 -0.07920
  8339 -0.07920
  8340 -0.07120
  8369 -0.07120
  8370 -0.06250
  8399 -0.06250
  8400 -0.05870
  8429 -0.05870
  8430 -0.06750
  8459 -0.06750
  8460 -0.07400
  8489 -0.07400
  8490 -0.09150
  8519 -0.09150
  8520 -0.09660
  8549 -0.09660
  8550 -0.10310
  8579 -0.10310
  8580 -0.10310
  8609 -0.10310
  8610 -0.09430
  8639 -0.09430
  8640 -0.08660
  8669 -0.08660
  8670 -0.07060
  8699 -0.07060
  8700 -0.06350
