# Well Pumping Time Series Data for Well 100639 : 100639
# Start Date 1991
# Transient Simulation
# Created on 02-Jul-2019 13:09:51
# Column-1: Time in days from start date
# Column-2: Pumping Volume in cubic meters
         0 0.0000
         1 -0.8079
        30 -0.6587
        60 -0.5920
        90 -0.5831
       120 -0.5472
       150 -0.6294
       180 -0.6904
       210 -0.8534
       240 -0.9006
       270 -0.9619
       300 -0.9619
       330 -0.8795
       360 -0.8079
       390 -0.6587
       420 -0.5920
       450 -0.5831
       480 -0.5472
       510 -0.6294
       540 -0.6904
       570 -0.8534
       600 -0.9006
       630 -0.9619
       660 -0.9619
       690 -0.8795
       720 -0.8079
       750 -0.6587
       780 -0.5920
       810 -0.5831
       840 -0.5472
       870 -0.6294
       900 -0.6904
       930 -0.8534
       960 -0.9006
       990 -0.9619
      1020 -0.9619
      1050 -0.8795
      1080 -0.8079
      1110 -0.6587
      1140 -0.5920
      1170 -0.5831
      1200 -0.5472
      1230 -0.6294
      1260 -0.6904
      1290 -0.8534
      1320 -0.9006
      1350 -0.9619
      1380 -0.9619
      1410 -0.8795
      1440 -0.8079
      1470 -0.6587
      1500 -0.5920
      1530 -0.5831
      1560 -0.5472
      1590 -0.6294
      1620 -0.6904
      1650 -0.8534
      1680 -0.9006
      1710 -0.9619
      1740 -0.9619
      1770 -0.8795
      1800 -0.8079
      1830 -0.6587
      1860 -0.5920
      1890 -0.5831
      1920 -0.5472
      1950 -0.6294
      1980 -0.6904
      2010 -0.8534
      2040 -0.9006
      2070 -0.9619
      2100 -0.9619
      2130 -0.8795
      2160 -0.8079
      2190 -0.6587
      2220 -0.5920
      2250 -0.5831
      2280 -0.5472
      2310 -0.6294
      2340 -0.6904
      2370 -0.8534
      2400 -0.9006
      2430 -0.9619
      2460 -0.9619
      2490 -0.8795
      2520 -0.8079
      2550 -0.6587
      2580 -0.5920
      2610 -0.5831
      2640 -0.5472
      2670 -0.6294
      2700 -0.6904
      2730 -0.8534
      2760 -0.9006
      2790 -0.9619
      2820 -0.9619
      2850 -0.8795
      2880 -0.8079
      2910 -0.6587
      2940 -0.5920
      2970 -0.5831
      3000 -0.5472
      3030 -0.6294
      3060 -0.6904
      3090 -0.8534
      3120 -0.9006
      3150 -0.9619
      3180 -0.9619
      3210 -0.8795
      3240 -0.8079
      3270 -0.6587
      3300 -0.5920
      3330 -0.5831
      3360 -0.5472
      3390 -0.6294
      3420 -0.6904
      3450 -0.8534
      3480 -0.9006
      3510 -0.9619
      3540 -0.9619
      3570 -0.8795
      3600 -0.8079
      3630 -0.6587
      3660 -0.5920
      3690 -0.5831
      3720 -0.5472
      3750 -0.6294
      3780 -0.6904
      3810 -0.8534
      3840 -0.9006
      3870 -0.9619
      3900 -0.9619
      3930 -0.8795
      3960 -0.8079
      3990 -0.6587
      4020 -0.5920
      4050 -0.5831
      4080 -0.5472
      4110 -0.6294
      4140 -0.6904
      4170 -0.8534
      4200 -0.9006
      4230 -0.9619
      4260 -0.9619
      4290 -0.8795
      4320 -0.8079
      4350 -0.6587
      4380 -0.5920
      4410 -0.5831
      4440 -0.5472
      4470 -0.6294
      4500 -0.6904
      4530 -0.8534
      4560 -0.9006
      4590 -0.9619
      4620 -0.9619
      4650 -0.8795
      4680 -0.8079
      4710 -0.6587
      4740 -0.5920
      4770 -0.5831
      4800 -0.5472
      4830 -0.6294
      4860 -0.6904
      4890 -0.8534
      4920 -0.9006
      4950 -0.9619
      4980 -0.9619
      5010 -0.8795
      5040 -0.8079
      5070 -0.6587
      5100 -0.5920
      5130 -0.5831
      5160 -0.5472
      5190 -0.6294
      5220 -0.6904
      5250 -0.8534
      5280 -0.9006
      5310 -0.9619
      5340 -0.9619
      5370 -0.8795
      5400 -0.8079
      5430 -0.6587
      5460 -0.5920
      5490 -0.5831
      5520 -0.5472
      5550 -0.6294
      5580 -0.6904
      5610 -0.8534
      5640 -0.9006
      5670 -0.9619
      5700 -0.9619
      5730 -0.8795
      5760 -0.8079
      5790 -0.6587
      5820 -0.5920
      5850 -0.5831
      5880 -0.5472
      5910 -0.6294
      5940 -0.6904
      5970 -0.8534
      6000 -0.9006
      6030 -0.9619
      6060 -0.9619
      6090 -0.8795
      6120 -0.8079
      6150 -0.6587
      6180 -0.5920
      6210 -0.5831
      6240 -0.5472
      6270 -0.6294
      6300 -0.6904
      6330 -0.8534
      6360 -0.9006
      6390 -0.9619
      6420 -0.9619
      6450 -0.8795
      6480 -0.8079
      6510 -0.6587
      6540 -0.5920
      6570 -0.5831
      6600 -0.5472
      6630 -0.6294
      6660 -0.6904
      6690 -0.8534
      6720 -0.9006
      6750 -0.9619
      6780 -0.9619
      6810 -0.8795
      6840 -0.8079
      6870 -0.6587
      6900 -0.5920
      6930 -0.5831
      6960 -0.5472
      6990 -0.6294
      7020 -0.6904
      7050 -0.8534
      7080 -0.9006
      7110 -0.9619
      7140 -0.9619
      7170 -0.8795
      7200 -0.8079
      7230 -0.6587
      7260 -0.5920
      7290 -0.5831
      7320 -0.5472
      7350 -0.6294
      7380 -0.6904
      7410 -0.8534
      7440 -0.9006
      7470 -0.9619
      7500 -0.9619
      7530 -0.8795
      7560 -0.8079
      7590 -0.6587
      7620 -0.5920
      7650 -0.5831
      7680 -0.5472
      7710 -0.6294
      7740 -0.6904
      7770 -0.8534
      7800 -0.9006
      7830 -0.9619
      7860 -0.9619
      7890 -0.8795
      7920 -0.8079
      7950 -0.6587
      7980 -0.5920
      8010 -0.5831
      8040 -0.5472
      8070 -0.6294
      8100 -0.6904
      8130 -0.8534
      8160 -0.9006
      8190 -0.9619
      8220 -0.9619
      8250 -0.8795
      8280 -0.8079
      8310 -0.6587
      8340 -0.5920
      8370 -0.5831
      8400 -0.5472
      8430 -0.6294
      8460 -0.6904
      8490 -0.8534
      8520 -0.9006
      8550 -0.9619
      8580 -0.9619
      8610 -0.8795
