# Well Pumping Time Series Data for Well 100565 : 100565
# Start Date 1991
# Transient Simulation
# Created on 23-Apr-2020 15:50:13
# Column-1: Time in days from start date
# Column-2: Pumping Volume in cubic meters
     0  0.00000
  1529  0.00000
  1530 -0.26760
  1559 -0.26760
  1560 -0.25110
  1589 -0.25110
  1590 -0.28890
  1619 -0.28890
  1620 -0.31680
  1649 -0.31680
  1650 -0.39160
  1679 -0.39160
  1680 -0.41330
  1709 -0.41330
  1710 -0.44140
  1739 -0.44140
  1740 -0.44140
  1769 -0.44140
  1770 -0.40360
  1799 -0.40360
  1800 -0.37070
  1829 -0.37070
  1830 -0.30230
  1859 -0.30230
  1860 -0.27170
  1889 -0.27170
  1890 -0.85150
  1919 -0.85150
  1920 -0.79920
  1949 -0.79920
  1950 -0.91920
  1979 -0.91920
  1980 -1.00820
  2009 -1.00820
  2010 -1.24620
  2039 -1.24620
  2040 -1.31520
  2069 -1.31520
  2070 -1.40470
  2099 -1.40470
  2100 -1.40470
  2129 -1.40470
  2130 -1.28440
  2159 -1.28440
  2160 -1.17980
  2189 -1.17980
  2190 -0.96200
  2219 -0.96200
  2220 -0.86450
  2249 -0.86450
  2250 -0.55040
  2279 -0.55040
  2280 -0.51660
  2309 -0.51660
  2310 -0.59420
  2339 -0.59420
  2340 -0.65170
  2369 -0.65170
  2370 -0.80560
  2399 -0.80560
  2400 -0.85020
  2429 -0.85020
  2430 -0.90800
  2459 -0.90800
  2460 -0.90800
  2489 -0.90800
  2490 -0.83030
  2519 -0.83030
  2520 -0.76270
  2549 -0.76270
  2550 -0.62190
  2579 -0.62190
  2580 -0.55890
  2609 -0.55890
  2610 -0.56040
  2639 -0.56040
  2640 -0.52600
  2669 -0.52600
  2670 -0.60500
  2699 -0.60500
  2700 -0.66350
  2729 -0.66350
  2730 -0.82020
  2759 -0.82020
  2760 -0.86560
  2789 -0.86560
  2790 -0.92450
  2819 -0.92450
  2820 -0.92450
  2849 -0.92450
  2850 -0.84540
  2879 -0.84540
  2880 -0.77650
  2909 -0.77650
  2910 -0.63320
  2939 -0.63320
  2940 -0.56900
  2969 -0.56900
  2970 -0.64760
  2999 -0.64760
  3000 -0.60780
  3029 -0.60780
  3030 -0.69910
  3059 -0.69910
  3060 -0.76680
  3089 -0.76680
  3090 -0.94780
  3119 -0.94780
  3120 -1.00030
  3149 -1.00030
  3150 -1.06830
  3179 -1.06830
  3180 -1.06830
  3209 -1.06830
  3210 -0.97690
  3239 -0.97690
  3240 -0.89730
  3269 -0.89730
  3270 -0.73170
  3299 -0.73170
  3300 -0.65750
  3329 -0.65750
  3330 -0.74920
  3359 -0.74920
  3360 -0.70320
  3389 -0.70320
  3390 -0.80880
  3419 -0.80880
  3420 -0.88710
  3449 -0.88710
  3450 -1.09650
  3479 -1.09650
  3480 -1.15730
  3509 -1.15730
  3510 -1.23600
  3539 -1.23600
  3540 -1.23600
  3569 -1.23600
  3570 -1.13010
  3599 -1.13010
  3600 -1.03810
  3629 -1.03810
  3630 -0.84640
  3659 -0.84640
  3660 -0.76070
  3689 -0.76070
  3690 -0.47400
  3719 -0.47400
  3720 -0.44490
  3749 -0.44490
  3750 -0.51170
  3779 -0.51170
  3780 -0.56120
  3809 -0.56120
  3810 -0.69370
  3839 -0.69370
  3840 -0.73210
  3869 -0.73210
  3870 -0.78190
  3899 -0.78190
  3900 -0.78190
  3929 -0.78190
  3930 -0.71500
  3959 -0.71500
  3960 -0.65670
  3989 -0.65670
  3990 -0.53550
  4019 -0.53550
  4020 -0.48120
  4049 -0.48120
  4050 -2.62990
  4079 -2.62990
  4080 -2.46830
  4109 -2.46830
  4110 -2.83900
  4139 -2.83900
  4140 -3.11380
  4169 -3.11380
  4170 -3.84910
  4199 -3.84910
  4200 -4.06220
  4229 -4.06220
  4230 -4.33840
  4259 -4.33840
  4260 -4.33840
  4289 -4.33840
  4290 -3.96700
  4319 -3.96700
  4320 -3.64380
  4349 -3.64380
  4350 -2.97120
  4379 -2.97120
  4380 -2.67010
  4409 -2.67010
  4410 -3.75750
  4439 -3.75750
  4440 -3.52660
  4469 -3.52660
  4470 -4.05620
  4499 -4.05620
  4500 -4.44890
  4529 -4.44890
  4530 -5.49940
  4559 -5.49940
  4560 -5.80390
  4589 -5.80390
  4590 -6.19850
  4619 -6.19850
  4620 -6.19850
  4649 -6.19850
  4650 -5.66790
  4679 -5.66790
  4680 -5.20610
  4709 -5.20610
  4710 -4.24510
  4739 -4.24510
  4740 -3.81490
  4769 -3.81490
  4770 -0.56190
  4799 -0.56190
  4800 -0.52740
  4829 -0.52740
  4830 -0.60660
  4859 -0.60660
  4860 -0.66530
  4889 -0.66530
  4890 -0.82240
  4919 -0.82240
  4920 -0.86800
  4949 -0.86800
  4950 -0.92700
  4979 -0.92700
  4980 -0.92700
  5009 -0.92700
  5010 -0.84760
  5039 -0.84760
  5040 -0.77860
  5069 -0.77860
  5070 -0.63490
  5099 -0.63490
  5100 -0.57050
  5129 -0.57050
  5130 -0.77860
  5159 -0.77860
  5160 -0.73070
  5189 -0.73070
  5190 -0.84050
  5219 -0.84050
  5220 -0.92180
  5249 -0.92180
  5250 -1.13950
  5279 -1.13950
  5280 -1.20260
  5309 -1.20260
  5310 -1.28440
  5339 -1.28440
  5340 -1.28440
  5369 -1.28440
  5370 -1.17440
  5399 -1.17440
  5400 -1.07870
  5429 -1.07870
  5430 -0.87960
  5459 -0.87960
  5460 -0.79050
  5489 -0.79050
  5490 -0.53520
  5519 -0.53520
  5520 -0.50230
  5549 -0.50230
  5550 -0.57770
  5579 -0.57770
  5580 -0.63360
  5609 -0.63360
  5610 -0.78320
  5639 -0.78320
  5640 -0.82660
  5669 -0.82660
  5670 -0.88280
  5699 -0.88280
  5700 -0.88280
  5729 -0.88280
  5730 -0.80720
  5759 -0.80720
  5760 -0.74150
  5789 -0.74150
  5790 -0.60460
  5819 -0.60460
  5820 -0.54330
  5849 -0.54330
  5850 -1.34250
  5879 -1.34250
  5880 -1.26000
  5909 -1.26000
  5910 -1.44920
  5939 -1.44920
  5940 -1.58950
  5969 -1.58950
  5970 -1.96480
  5999 -1.96480
  6000 -2.07360
  6029 -2.07360
  6030 -2.21460
  6059 -2.21460
  6060 -2.21460
  6089 -2.21460
  6090 -2.02510
  6119 -2.02510
  6120 -1.86010
  6149 -1.86010
  6150 -1.51670
  6179 -1.51670
  6180 -1.36300
  6209 -1.36300
  6210 -1.15490
  6239 -1.15490
  6240 -1.08390
  6269 -1.08390
  6270 -1.24670
  6299 -1.24670
  6300 -1.36740
  6329 -1.36740
  6330 -1.69020
  6359 -1.69020
  6360 -1.78380
  6389 -1.78380
  6390 -1.90510
  6419 -1.90510
  6420 -1.90510
  6449 -1.90510
  6450 -1.74200
  6479 -1.74200
  6480 -1.60010
  6509 -1.60010
  6510 -1.30470
  6539 -1.30470
  6540 -1.17250
  6569 -1.17250
  6570 -0.01530
  6599 -0.01530
  6600 -0.01440
  6629 -0.01440
  6630 -0.01650
  6659 -0.01650
  6660 -0.01810
  6689 -0.01810
  6690 -0.02240
  6719 -0.02240
  6720 -0.02360
  6749 -0.02360
  6750 -0.02520
  6779 -0.02520
  6780 -0.02520
  6809 -0.02520
  6810 -0.02310
  6839 -0.02310
  6840 -0.02120
  6869 -0.02120
  6870 -0.01730
  6899 -0.01730
  6900 -0.01550
  6929 -0.01550
  6930 -0.94800
  6959 -0.94800
  6960 -0.88970
  6989 -0.88970
  6990 -1.02340
  7019 -1.02340
  7020 -1.12240
  7049 -1.12240
  7050 -1.38750
  7079 -1.38750
  7080 -1.46430
  7109 -1.46430
  7110 -1.56390
  7139 -1.56390
  7140 -1.56390
  7169 -1.56390
  7170 -1.43000
  7199 -1.43000
  7200 -1.31350
  7229 -1.31350
  7230 -1.07100
  7259 -1.07100
  7260 -0.96250
  7289 -0.96250
  7290 -0.74920
  7319 -0.74920
  7320 -0.70320
  7349 -0.70320
  7350 -0.80880
  7379 -0.80880
  7380 -0.88710
  7409 -0.88710
  7410 -1.09650
  7439 -1.09650
  7440 -1.15730
  7469 -1.15730
  7470 -1.23600
  7499 -1.23600
  7500 -1.23600
  7529 -1.23600
  7530 -1.13010
  7559 -1.13010
  7560 -1.03810
  7589 -1.03810
  7590 -0.84640
  7619 -0.84640
  7620 -0.76070
  7649 -0.76070
  7650 -0.63210
  7679 -0.63210
  7680 -0.59330
  7709 -0.59330
  7710 -0.68240
  7739 -0.68240
  7740 -0.74840
  7769 -0.74840
  7770 -0.92510
  7799 -0.92510
  7800 -0.97640
  7829 -0.97640
  7830 -1.04280
  7859 -1.04280
  7860 -1.04280
  7889 -1.04280
  7890 -0.95350
  7919 -0.95350
  7920 -0.87580
  7949 -0.87580
  7950 -0.71410
  7979 -0.71410
  7980 -0.64180
  8009 -0.64180
  8010 -0.40040
  8039 -0.40040
  8040 -0.37580
  8069 -0.37580
  8070 -0.43230
  8099 -0.43230
  8100 -0.47410
  8129 -0.47410
  8130 -0.58610
  8159 -0.58610
  8160 -0.61850
  8189 -0.61850
  8190 -0.66060
  8219 -0.66060
  8220 -0.66060
  8249 -0.66060
  8250 -0.60400
  8279 -0.60400
  8280 -0.55480
  8309 -0.55480
  8310 -0.45240
  8339 -0.45240
  8340 -0.40660
  8369 -0.40660
  8370 -0.54480
  8399 -0.54480
  8400 -0.51130
  8429 -0.51130
  8430 -0.58810
  8459 -0.58810
  8460 -0.64500
  8489 -0.64500
  8490 -0.79730
  8519 -0.79730
  8520 -0.84150
  8549 -0.84150
  8550 -0.89870
  8579 -0.89870
  8580 -0.89870
  8609 -0.89870
  8610 -0.82180
  8639 -0.82180
  8640 -0.75480
  8669 -0.75480
  8670 -0.61550
  8699 -0.61550
  8700 -0.55310
