# Well Pumping Time Series Data for Well 100967 : 100967
# Start Date 1991
# Transient Simulation
# Created on 02-Jul-2019 13:09:56
# Column-1: Time in days from start date
# Column-2: Pumping Volume in cubic meters
         0 0.0000
         1 -1.3671
        30 -1.1148
        60 -1.0018
        90 -0.9867
       120 -0.9261
       150 -1.0652
       180 -1.1683
       210 -1.4441
       240 -1.5241
       270 -1.6278
       300 -1.6278
       330 -1.4884
       360 -1.3671
       390 -1.1148
       420 -1.0018
       450 -0.9867
       480 -0.9261
       510 -1.0652
       540 -1.1683
       570 -1.4441
       600 -1.5241
       630 -1.6278
       660 -1.6278
       690 -1.4884
       720 -1.3671
       750 -1.1148
       780 -1.0018
       810 -0.9867
       840 -0.9261
       870 -1.0652
       900 -1.1683
       930 -1.4441
       960 -1.5241
       990 -1.6278
      1020 -1.6278
      1050 -1.4884
      1080 -1.3671
      1110 -1.1148
      1140 -1.0018
      1170 -0.9867
      1200 -0.9261
      1230 -1.0652
      1260 -1.1683
      1290 -1.4441
      1320 -1.5241
      1350 -1.6278
      1380 -1.6278
      1410 -1.4884
      1440 -1.3671
      1470 -1.1148
      1500 -1.0018
      1530 -0.9867
      1560 -0.9261
      1590 -1.0652
      1620 -1.1683
      1650 -1.4441
      1680 -1.5241
      1710 -1.6278
      1740 -1.6278
      1770 -1.4884
      1800 -1.3671
      1830 -1.1148
      1860 -1.0018
      1890 -0.9867
      1920 -0.9261
      1950 -1.0652
      1980 -1.1683
      2010 -1.4441
      2040 -1.5241
      2070 -1.6278
      2100 -1.6278
      2130 -1.4884
      2160 -1.3671
      2190 -1.1148
      2220 -1.0018
      2250 -0.9867
      2280 -0.9261
      2310 -1.0652
      2340 -1.1683
      2370 -1.4441
      2400 -1.5241
      2430 -1.6278
      2460 -1.6278
      2490 -1.4884
      2520 -1.3671
      2550 -1.1148
      2580 -1.0018
      2610 -0.9867
      2640 -0.9261
      2670 -1.0652
      2700 -1.1683
      2730 -1.4441
      2760 -1.5241
      2790 -1.6278
      2820 -1.6278
      2850 -1.4884
      2880 -1.3671
      2910 -1.1148
      2940 -1.0018
      2970 -0.9867
      3000 -0.9261
      3030 -1.0652
      3060 -1.1683
      3090 -1.4441
      3120 -1.5241
      3150 -1.6278
      3180 -1.6278
      3210 -1.4884
      3240 -1.3671
      3270 -1.1148
      3300 -1.0018
      3330 -0.9867
      3360 -0.9261
      3390 -1.0652
      3420 -1.1683
      3450 -1.4441
      3480 -1.5241
      3510 -1.6278
      3540 -1.6278
      3570 -1.4884
      3600 -1.3671
      3630 -1.1148
      3660 -1.0018
      3690 -0.9867
      3720 -0.9261
      3750 -1.0652
      3780 -1.1683
      3810 -1.4441
      3840 -1.5241
      3870 -1.6278
      3900 -1.6278
      3930 -1.4884
      3960 -1.3671
      3990 -1.1148
      4020 -1.0018
      4050 -0.9867
      4080 -0.9261
      4110 -1.0652
      4140 -1.1683
      4170 -1.4441
      4200 -1.5241
      4230 -1.6278
      4260 -1.6278
      4290 -1.4884
      4320 -1.3671
      4350 -1.1148
      4380 -1.0018
      4410 -0.9867
      4440 -0.9261
      4470 -1.0652
      4500 -1.1683
      4530 -1.4441
      4560 -1.5241
      4590 -1.6278
      4620 -1.6278
      4650 -1.4884
      4680 -1.3671
      4710 -1.1148
      4740 -1.0018
      4770 -0.9867
      4800 -0.9261
      4830 -1.0652
      4860 -1.1683
      4890 -1.4441
      4920 -1.5241
      4950 -1.6278
      4980 -1.6278
      5010 -1.4884
      5040 -1.3671
      5070 -1.1148
      5100 -1.0018
      5130 -0.9867
      5160 -0.9261
      5190 -1.0652
      5220 -1.1683
      5250 -1.4441
      5280 -1.5241
      5310 -1.6278
      5340 -1.6278
      5370 -1.4884
      5400 -1.3671
      5430 -1.1148
      5460 -1.0018
      5490 -0.9867
      5520 -0.9261
      5550 -1.0652
      5580 -1.1683
      5610 -1.4441
      5640 -1.5241
      5670 -1.6278
      5700 -1.6278
      5730 -1.4884
      5760 -1.3671
      5790 -1.1148
      5820 -1.0018
      5850 -0.9867
      5880 -0.9261
      5910 -1.0652
      5940 -1.1683
      5970 -1.4441
      6000 -1.5241
      6030 -1.6278
      6060 -1.6278
      6090 -1.4884
      6120 -1.3671
      6150 -1.1148
      6180 -1.0018
      6210 -0.9867
      6240 -0.9261
      6270 -1.0652
      6300 -1.1683
      6330 -1.4441
      6360 -1.5241
      6390 -1.6278
      6420 -1.6278
      6450 -1.4884
      6480 -1.3671
      6510 -1.1148
      6540 -1.0018
      6570 -0.9867
      6600 -0.9261
      6630 -1.0652
      6660 -1.1683
      6690 -1.4441
      6720 -1.5241
      6750 -1.6278
      6780 -1.6278
      6810 -1.4884
      6840 -1.3671
      6870 -1.1148
      6900 -1.0018
      6930 -0.9867
      6960 -0.9261
      6990 -1.0652
      7020 -1.1683
      7050 -1.4441
      7080 -1.5241
      7110 -1.6278
      7140 -1.6278
      7170 -1.4884
      7200 -1.3671
      7230 -1.1148
      7260 -1.0018
      7290 -0.9867
      7320 -0.9261
      7350 -1.0652
      7380 -1.1683
      7410 -1.4441
      7440 -1.5241
      7470 -1.6278
      7500 -1.6278
      7530 -1.4884
      7560 -1.3671
      7590 -1.1148
      7620 -1.0018
      7650 -0.9867
      7680 -0.9261
      7710 -1.0652
      7740 -1.1683
      7770 -1.4441
      7800 -1.5241
      7830 -1.6278
      7860 -1.6278
      7890 -1.4884
      7920 -1.3671
      7950 -1.1148
      7980 -1.0018
      8010 -0.9867
      8040 -0.9261
      8070 -1.0652
      8100 -1.1683
      8130 -1.4441
      8160 -1.5241
      8190 -1.6278
      8220 -1.6278
      8250 -1.4884
      8280 -1.3671
      8310 -1.1148
      8340 -1.0018
      8370 -0.9867
      8400 -0.9261
      8430 -1.0652
      8460 -1.1683
      8490 -1.4441
      8520 -1.5241
      8550 -1.6278
      8580 -1.6278
      8610 -1.4884
