# Well Pumping Time Series Data for Well 101271 : 101271
# Start Date 1991
# Transient Simulation
# Created on 23-Apr-2020 15:50:22
# Column-1: Time in days from start date
# Column-2: Pumping Volume in cubic meters
     0  0.00000
  4409  0.00000
  4410 -0.34920
  4439 -0.34920
  4440 -0.32770
  4469 -0.32770
  4470 -0.37690
  4499 -0.37690
  4500 -0.41340
  4529 -0.41340
  4530 -0.51110
  4559 -0.51110
  4560 -0.53940
  4589 -0.53940
  4590 -0.57600
  4619 -0.57600
  4620 -0.57600
  4649 -0.57600
  4650 -0.52670
  4679 -0.52670
  4680 -0.48380
  4709 -0.48380
  4710 -0.39450
  4739 -0.39450
  4740 -0.35450
  4769 -0.35450
  4770 -0.57340
  4799 -0.57340
  4800 -0.53810
  4829 -0.53810
  4830 -0.61900
  4859 -0.61900
  4860 -0.67890
  4889 -0.67890
  4890 -0.83920
  4919 -0.83920
  4920 -0.88570
  4949 -0.88570
  4950 -0.94590
  4979 -0.94590
  4980 -0.94590
  5009 -0.94590
  5010 -0.86490
  5039 -0.86490
  5040 -0.79440
  5069 -0.79440
  5070 -0.64780
  5099 -0.64780
  5100 -0.58220
  5129 -0.58220
  5130 -0.75380
  5159 -0.75380
  5160 -0.70750
  5189 -0.70750
  5190 -0.81370
  5219 -0.81370
  5220 -0.89250
  5249 -0.89250
  5250 -1.10320
  5279 -1.10320
  5280 -1.16430
  5309 -1.16430
  5310 -1.24350
  5339 -1.24350
  5340 -1.24350
  5369 -1.24350
  5370 -1.13700
  5399 -1.13700
  5400 -1.04440
  5429 -1.04440
  5430 -0.85160
  5459 -0.85160
  5460 -0.76530
  5489 -0.76530
  5490 -0.75690
  5519 -0.75690
  5520 -0.71030
  5549 -0.71030
  5550 -0.81700
  5579 -0.81700
  5580 -0.89610
  5609 -0.89610
  5610 -1.10770
  5639 -1.10770
  5640 -1.16910
  5669 -1.16910
  5670 -1.24860
  5699 -1.24860
  5700 -1.24860
  5729 -1.24860
  5730 -1.14170
  5759 -1.14170
  5760 -1.04870
  5789 -1.04870
  5790 -0.85510
  5819 -0.85510
  5820 -0.76840
  5849 -0.76840
  5850 -0.71420
  5879 -0.71420
  5880 -0.67030
  5909 -0.67030
  5910 -0.77100
  5939 -0.77100
  5940 -0.84560
  5969 -0.84560
  5970 -1.04530
  5999 -1.04530
  6000 -1.10320
  6029 -1.10320
  6030 -1.17820
  6059 -1.17820
  6060 -1.17820
  6089 -1.17820
  6090 -1.07730
  6119 -1.07730
  6120 -0.98960
  6149 -0.98960
  6150 -0.80690
  6179 -0.80690
  6180 -0.72510
  6209 -0.72510
  6210 -2.15070
  6239 -2.15070
  6240 -2.01860
  6269 -2.01860
  6270 -2.32170
  6299 -2.32170
  6300 -2.54650
  6329 -2.54650
  6330 -3.14780
  6359 -3.14780
  6360 -3.32210
  6389 -3.32210
  6390 -3.54800
  6419 -3.54800
  6420 -3.54800
  6449 -3.54800
  6450 -3.24420
  6479 -3.24420
  6480 -2.97990
  6509 -2.97990
  6510 -2.42980
  6539 -2.42980
  6540 -2.18360
  6569 -2.18360
  6570 -0.94800
  6599 -0.94800
  6600 -0.88970
  6629 -0.88970
  6630 -1.02340
  6659 -1.02340
  6660 -1.12240
  6689 -1.12240
  6690 -1.38750
  6719 -1.38750
  6720 -1.46430
  6749 -1.46430
  6750 -1.56390
  6779 -1.56390
  6780 -1.56390
  6809 -1.56390
  6810 -1.43000
  6839 -1.43000
  6840 -1.31350
  6869 -1.31350
  6870 -1.07100
  6899 -1.07100
  6900 -0.96250
  6929 -0.96250
  6930 -0.81800
  6959 -0.81800
  6960 -0.76780
  6989 -0.76780
  6990 -0.88310
  7019 -0.88310
  7020 -0.96850
  7049 -0.96850
  7050 -1.19720
  7079 -1.19720
  7080 -1.26350
  7109 -1.26350
  7110 -1.34950
  7139 -1.34950
  7140 -1.34950
  7169 -1.34950
  7170 -1.23390
  7199 -1.23390
  7200 -1.13340
  7229 -1.13340
  7230 -0.92420
  7259 -0.92420
  7260 -0.83050
  7289 -0.83050
  7290 -1.03210
  7319 -1.03210
  7320 -0.96870
  7349 -0.96870
  7350 -1.11410
  7379 -1.11410
  7380 -1.22200
  7409 -1.22200
  7410 -1.51050
  7439 -1.51050
  7440 -1.59420
  7469 -1.59420
  7470 -1.70260
  7499 -1.70260
  7500 -1.70260
  7529 -1.70260
  7530 -1.55680
  7559 -1.55680
  7560 -1.43000
  7589 -1.43000
  7590 -1.16600
  7619 -1.16600
  7620 -1.04790
  7649 -1.04790
  7650 -1.01120
  7679 -1.01120
  7680 -0.94900
  7709 -0.94900
  7710 -1.09160
  7739 -1.09160
  7740 -1.19730
  7769 -1.19730
  7770 -1.47990
  7799 -1.47990
  7800 -1.56190
  7829 -1.56190
  7830 -1.66810
  7859 -1.66810
  7860 -1.66810
  7889 -1.66810
  7890 -1.52530
  7919 -1.52530
  7920 -1.40100
  7949 -1.40100
  7950 -1.14240
  7979 -1.14240
  7980 -1.02660
  8009 -1.02660
  8010 -0.93040
  8039 -0.93040
  8040 -0.87320
  8069 -0.87320
  8070 -1.00430
  8099 -1.00430
  8100 -1.10160
  8129 -1.10160
  8130 -1.36170
  8159 -1.36170
  8160 -1.43710
  8189 -1.43710
  8190 -1.53480
  8219 -1.53480
  8220 -1.53480
  8249 -1.53480
  8250 -1.40340
  8279 -1.40340
  8280 -1.28910
  8309 -1.28910
  8310 -1.05110
  8339 -1.05110
  8340 -0.94460
  8369 -0.94460
  8370 -1.25480
  8399 -1.25480
  8400 -1.17770
  8429 -1.17770
  8430 -1.35450
  8459 -1.35450
  8460 -1.48570
  8489 -1.48570
  8490 -1.83640
  8519 -1.83640
  8520 -1.93810
  8549 -1.93810
  8550 -2.06990
  8579 -2.06990
  8580 -2.06990
  8609 -2.06990
  8610 -1.89270
  8639 -1.89270
  8640 -1.73850
  8669 -1.73850
  8670 -1.41760
  8699 -1.41760
  8700 -1.27400
