# Well Pumping Time Series Data for Well 100932 : 100932
# Start Date 1991
# Transient Simulation
# Created on 02-Jul-2019 13:09:55
# Column-1: Time in days from start date
# Column-2: Pumping Volume in cubic meters
         0 0.0000
         1 -10.3779
        30 -8.4622
        60 -7.6047
        90 -7.4901
       120 -7.0298
       150 -8.0856
       180 -8.8684
       210 -10.9624
       240 -11.5694
       270 -12.3561
       300 -12.3561
       330 -11.2983
       360 -10.3779
       390 -8.4622
       420 -7.6047
       450 -7.4901
       480 -7.0298
       510 -8.0856
       540 -8.8684
       570 -10.9624
       600 -11.5694
       630 -12.3561
       660 -12.3561
       690 -11.2983
       720 -10.3779
       750 -8.4622
       780 -7.6047
       810 -7.4901
       840 -7.0298
       870 -8.0856
       900 -8.8684
       930 -10.9624
       960 -11.5694
       990 -12.3561
      1020 -12.3561
      1050 -11.2983
      1080 -10.3779
      1110 -8.4622
      1140 -7.6047
      1170 -7.4901
      1200 -7.0298
      1230 -8.0856
      1260 -8.8684
      1290 -10.9624
      1320 -11.5694
      1350 -12.3561
      1380 -12.3561
      1410 -11.2983
      1440 -10.3779
      1470 -8.4622
      1500 -7.6047
      1530 -7.4901
      1560 -7.0298
      1590 -8.0856
      1620 -8.8684
      1650 -10.9624
      1680 -11.5694
      1710 -12.3561
      1740 -12.3561
      1770 -11.2983
      1800 -10.3779
      1830 -8.4622
      1860 -7.6047
      1890 -7.4901
      1920 -7.0298
      1950 -8.0856
      1980 -8.8684
      2010 -10.9624
      2040 -11.5694
      2070 -12.3561
      2100 -12.3561
      2130 -11.2983
      2160 -10.3779
      2190 -8.4622
      2220 -7.6047
      2250 -7.4901
      2280 -7.0298
      2310 -8.0856
      2340 -8.8684
      2370 -10.9624
      2400 -11.5694
      2430 -12.3561
      2460 -12.3561
      2490 -11.2983
      2520 -10.3779
      2550 -8.4622
      2580 -7.6047
      2610 -7.4901
      2640 -7.0298
      2670 -8.0856
      2700 -8.8684
      2730 -10.9624
      2760 -11.5694
      2790 -12.3561
      2820 -12.3561
      2850 -11.2983
      2880 -10.3779
      2910 -8.4622
      2940 -7.6047
      2970 -7.4901
      3000 -7.0298
      3030 -8.0856
      3060 -8.8684
      3090 -10.9624
      3120 -11.5694
      3150 -12.3561
      3180 -12.3561
      3210 -11.2983
      3240 -10.3779
      3270 -8.4622
      3300 -7.6047
      3330 -7.4901
      3360 -7.0298
      3390 -8.0856
      3420 -8.8684
      3450 -10.9624
      3480 -11.5694
      3510 -12.3561
      3540 -12.3561
      3570 -11.2983
      3600 -10.3779
      3630 -8.4622
      3660 -7.6047
      3690 -7.4901
      3720 -7.0298
      3750 -8.0856
      3780 -8.8684
      3810 -10.9624
      3840 -11.5694
      3870 -12.3561
      3900 -12.3561
      3930 -11.2983
      3960 -10.3779
      3990 -8.4622
      4020 -7.6047
      4050 -7.4901
      4080 -7.0298
      4110 -8.0856
      4140 -8.8684
      4170 -10.9624
      4200 -11.5694
      4230 -12.3561
      4260 -12.3561
      4290 -11.2983
      4320 -10.3779
      4350 -8.4622
      4380 -7.6047
      4410 -7.4901
      4440 -7.0298
      4470 -8.0856
      4500 -8.8684
      4530 -10.9624
      4560 -11.5694
      4590 -12.3561
      4620 -12.3561
      4650 -11.2983
      4680 -10.3779
      4710 -8.4622
      4740 -7.6047
      4770 -7.4901
      4800 -7.0298
      4830 -8.0856
      4860 -8.8684
      4890 -10.9624
      4920 -11.5694
      4950 -12.3561
      4980 -12.3561
      5010 -11.2983
      5040 -10.3779
      5070 -8.4622
      5100 -7.6047
      5130 -7.4901
      5160 -7.0298
      5190 -8.0856
      5220 -8.8684
      5250 -10.9624
      5280 -11.5694
      5310 -12.3561
      5340 -12.3561
      5370 -11.2983
      5400 -10.3779
      5430 -8.4622
      5460 -7.6047
      5490 -7.4901
      5520 -7.0298
      5550 -8.0856
      5580 -8.8684
      5610 -10.9624
      5640 -11.5694
      5670 -12.3561
      5700 -12.3561
      5730 -11.2983
      5760 -10.3779
      5790 -8.4622
      5820 -7.6047
      5850 -7.4901
      5880 -7.0298
      5910 -8.0856
      5940 -8.8684
      5970 -10.9624
      6000 -11.5694
      6030 -12.3561
      6060 -12.3561
      6090 -11.2983
      6120 -10.3779
      6150 -8.4622
      6180 -7.6047
      6210 -7.4901
      6240 -7.0298
      6270 -8.0856
      6300 -8.8684
      6330 -10.9624
      6360 -11.5694
      6390 -12.3561
      6420 -12.3561
      6450 -11.2983
      6480 -10.3779
      6510 -8.4622
      6540 -7.6047
      6570 -7.4901
      6600 -7.0298
      6630 -8.0856
      6660 -8.8684
      6690 -10.9624
      6720 -11.5694
      6750 -12.3561
      6780 -12.3561
      6810 -11.2983
      6840 -10.3779
      6870 -8.4622
      6900 -7.6047
      6930 -7.4901
      6960 -7.0298
      6990 -8.0856
      7020 -8.8684
      7050 -10.9624
      7080 -11.5694
      7110 -12.3561
      7140 -12.3561
      7170 -11.2983
      7200 -10.3779
      7230 -8.4622
      7260 -7.6047
      7290 -7.4901
      7320 -7.0298
      7350 -8.0856
      7380 -8.8684
      7410 -10.9624
      7440 -11.5694
      7470 -12.3561
      7500 -12.3561
      7530 -11.2983
      7560 -10.3779
      7590 -8.4622
      7620 -7.6047
      7650 -7.4901
      7680 -7.0298
      7710 -8.0856
      7740 -8.8684
      7770 -10.9624
      7800 -11.5694
      7830 -12.3561
      7860 -12.3561
      7890 -11.2983
      7920 -10.3779
      7950 -8.4622
      7980 -7.6047
      8010 -7.4901
      8040 -7.0298
      8070 -8.0856
      8100 -8.8684
      8130 -10.9624
      8160 -11.5694
      8190 -12.3561
      8220 -12.3561
      8250 -11.2983
      8280 -10.3779
      8310 -8.4622
      8340 -7.6047
      8370 -7.4901
      8400 -7.0298
      8430 -8.0856
      8460 -8.8684
      8490 -10.9624
      8520 -11.5694
      8550 -12.3561
      8580 -12.3561
      8610 -11.2983
