# Well Pumping Time Series Data for Well 100587 : 100587
# Start Date 1991
# Transient Simulation
# Created on 02-Jul-2019 13:09:50
# Column-1: Time in days from start date
# Column-2: Pumping Volume in cubic meters
         0 0.0000
         1 -0.4971
        30 -0.4054
        60 -0.3643
        90 -0.3588
       120 -0.3368
       150 -0.3873
       180 -0.4248
       210 -0.5251
       240 -0.5542
       270 -0.5919
       300 -0.5919
       330 -0.5412
       360 -0.4971
       390 -0.4054
       420 -0.3643
       450 -0.3588
       480 -0.3368
       510 -0.3873
       540 -0.4248
       570 -0.5251
       600 -0.5542
       630 -0.5919
       660 -0.5919
       690 -0.5412
       720 -0.4971
       750 -0.4054
       780 -0.3643
       810 -0.3588
       840 -0.3368
       870 -0.3873
       900 -0.4248
       930 -0.5251
       960 -0.5542
       990 -0.5919
      1020 -0.5919
      1050 -0.5412
      1080 -0.4971
      1110 -0.4054
      1140 -0.3643
      1170 -0.3588
      1200 -0.3368
      1230 -0.3873
      1260 -0.4248
      1290 -0.5251
      1320 -0.5542
      1350 -0.5919
      1380 -0.5919
      1410 -0.5412
      1440 -0.4971
      1470 -0.4054
      1500 -0.3643
      1530 -0.3588
      1560 -0.3368
      1590 -0.3873
      1620 -0.4248
      1650 -0.5251
      1680 -0.5542
      1710 -0.5919
      1740 -0.5919
      1770 -0.5412
      1800 -0.4971
      1830 -0.4054
      1860 -0.3643
      1890 -0.3588
      1920 -0.3368
      1950 -0.3873
      1980 -0.4248
      2010 -0.5251
      2040 -0.5542
      2070 -0.5919
      2100 -0.5919
      2130 -0.5412
      2160 -0.4971
      2190 -0.4054
      2220 -0.3643
      2250 -0.3588
      2280 -0.3368
      2310 -0.3873
      2340 -0.4248
      2370 -0.5251
      2400 -0.5542
      2430 -0.5919
      2460 -0.5919
      2490 -0.5412
      2520 -0.4971
      2550 -0.4054
      2580 -0.3643
      2610 -0.3588
      2640 -0.3368
      2670 -0.3873
      2700 -0.4248
      2730 -0.5251
      2760 -0.5542
      2790 -0.5919
      2820 -0.5919
      2850 -0.5412
      2880 -0.4971
      2910 -0.4054
      2940 -0.3643
      2970 -0.3588
      3000 -0.3368
      3030 -0.3873
      3060 -0.4248
      3090 -0.5251
      3120 -0.5542
      3150 -0.5919
      3180 -0.5919
      3210 -0.5412
      3240 -0.4971
      3270 -0.4054
      3300 -0.3643
      3330 -0.3588
      3360 -0.3368
      3390 -0.3873
      3420 -0.4248
      3450 -0.5251
      3480 -0.5542
      3510 -0.5919
      3540 -0.5919
      3570 -0.5412
      3600 -0.4971
      3630 -0.4054
      3660 -0.3643
      3690 -0.3588
      3720 -0.3368
      3750 -0.3873
      3780 -0.4248
      3810 -0.5251
      3840 -0.5542
      3870 -0.5919
      3900 -0.5919
      3930 -0.5412
      3960 -0.4971
      3990 -0.4054
      4020 -0.3643
      4050 -0.3588
      4080 -0.3368
      4110 -0.3873
      4140 -0.4248
      4170 -0.5251
      4200 -0.5542
      4230 -0.5919
      4260 -0.5919
      4290 -0.5412
      4320 -0.4971
      4350 -0.4054
      4380 -0.3643
      4410 -0.3588
      4440 -0.3368
      4470 -0.3873
      4500 -0.4248
      4530 -0.5251
      4560 -0.5542
      4590 -0.5919
      4620 -0.5919
      4650 -0.5412
      4680 -0.4971
      4710 -0.4054
      4740 -0.3643
      4770 -0.3588
      4800 -0.3368
      4830 -0.3873
      4860 -0.4248
      4890 -0.5251
      4920 -0.5542
      4950 -0.5919
      4980 -0.5919
      5010 -0.5412
      5040 -0.4971
      5070 -0.4054
      5100 -0.3643
      5130 -0.3588
      5160 -0.3368
      5190 -0.3873
      5220 -0.4248
      5250 -0.5251
      5280 -0.5542
      5310 -0.5919
      5340 -0.5919
      5370 -0.5412
      5400 -0.4971
      5430 -0.4054
      5460 -0.3643
      5490 -0.3588
      5520 -0.3368
      5550 -0.3873
      5580 -0.4248
      5610 -0.5251
      5640 -0.5542
      5670 -0.5919
      5700 -0.5919
      5730 -0.5412
      5760 -0.4971
      5790 -0.4054
      5820 -0.3643
      5850 -0.3588
      5880 -0.3368
      5910 -0.3873
      5940 -0.4248
      5970 -0.5251
      6000 -0.5542
      6030 -0.5919
      6060 -0.5919
      6090 -0.5412
      6120 -0.4971
      6150 -0.4054
      6180 -0.3643
      6210 -0.3588
      6240 -0.3368
      6270 -0.3873
      6300 -0.4248
      6330 -0.5251
      6360 -0.5542
      6390 -0.5919
      6420 -0.5919
      6450 -0.5412
      6480 -0.4971
      6510 -0.4054
      6540 -0.3643
      6570 -0.3588
      6600 -0.3368
      6630 -0.3873
      6660 -0.4248
      6690 -0.5251
      6720 -0.5542
      6750 -0.5919
      6780 -0.5919
      6810 -0.5412
      6840 -0.4971
      6870 -0.4054
      6900 -0.3643
      6930 -0.3588
      6960 -0.3368
      6990 -0.3873
      7020 -0.4248
      7050 -0.5251
      7080 -0.5542
      7110 -0.5919
      7140 -0.5919
      7170 -0.5412
      7200 -0.4971
      7230 -0.4054
      7260 -0.3643
      7290 -0.3588
      7320 -0.3368
      7350 -0.3873
      7380 -0.4248
      7410 -0.5251
      7440 -0.5542
      7470 -0.5919
      7500 -0.5919
      7530 -0.5412
      7560 -0.4971
      7590 -0.4054
      7620 -0.3643
      7650 -0.3588
      7680 -0.3368
      7710 -0.3873
      7740 -0.4248
      7770 -0.5251
      7800 -0.5542
      7830 -0.5919
      7860 -0.5919
      7890 -0.5412
      7920 -0.4971
      7950 -0.4054
      7980 -0.3643
      8010 -0.3588
      8040 -0.3368
      8070 -0.3873
      8100 -0.4248
      8130 -0.5251
      8160 -0.5542
      8190 -0.5919
      8220 -0.5919
      8250 -0.5412
      8280 -0.4971
      8310 -0.4054
      8340 -0.3643
      8370 -0.3588
      8400 -0.3368
      8430 -0.3873
      8460 -0.4248
      8490 -0.5251
      8520 -0.5542
      8550 -0.5919
      8580 -0.5919
      8610 -0.5412
