# Well Pumping Time Series Data for Well 100896 : 100896
# Start Date 1991
# Transient Simulation
# Created on 02-Jul-2019 13:09:54
# Column-1: Time in days from start date
# Column-2: Pumping Volume in cubic meters
         0 0.0000
         1 -11.1547
        30 -9.0956
        60 -8.1739
        90 -8.0507
       120 -7.5560
       150 -8.6908
       180 -9.5322
       210 -11.7829
       240 -12.4354
       270 -13.2810
       300 -13.2810
       330 -12.1440
       360 -11.1547
       390 -9.0956
       420 -8.1739
       450 -8.0507
       480 -7.5560
       510 -8.6908
       540 -9.5322
       570 -11.7829
       600 -12.4354
       630 -13.2810
       660 -13.2810
       690 -12.1440
       720 -11.1547
       750 -9.0956
       780 -8.1739
       810 -8.0507
       840 -7.5560
       870 -8.6908
       900 -9.5322
       930 -11.7829
       960 -12.4354
       990 -13.2810
      1020 -13.2810
      1050 -12.1440
      1080 -11.1547
      1110 -9.0956
      1140 -8.1739
      1170 -8.0507
      1200 -7.5560
      1230 -8.6908
      1260 -9.5322
      1290 -11.7829
      1320 -12.4354
      1350 -13.2810
      1380 -13.2810
      1410 -12.1440
      1440 -11.1547
      1470 -9.0956
      1500 -8.1739
      1530 -8.0507
      1560 -7.5560
      1590 -8.6908
      1620 -9.5322
      1650 -11.7829
      1680 -12.4354
      1710 -13.2810
      1740 -13.2810
      1770 -12.1440
      1800 -11.1547
      1830 -9.0956
      1860 -8.1739
      1890 -8.0507
      1920 -7.5560
      1950 -8.6908
      1980 -9.5322
      2010 -11.7829
      2040 -12.4354
      2070 -13.2810
      2100 -13.2810
      2130 -12.1440
      2160 -11.1547
      2190 -9.0956
      2220 -8.1739
      2250 -8.0507
      2280 -7.5560
      2310 -8.6908
      2340 -9.5322
      2370 -11.7829
      2400 -12.4354
      2430 -13.2810
      2460 -13.2810
      2490 -12.1440
      2520 -11.1547
      2550 -9.0956
      2580 -8.1739
      2610 -8.0507
      2640 -7.5560
      2670 -8.6908
      2700 -9.5322
      2730 -11.7829
      2760 -12.4354
      2790 -13.2810
      2820 -13.2810
      2850 -12.1440
      2880 -11.1547
      2910 -9.0956
      2940 -8.1739
      2970 -8.0507
      3000 -7.5560
      3030 -8.6908
      3060 -9.5322
      3090 -11.7829
      3120 -12.4354
      3150 -13.2810
      3180 -13.2810
      3210 -12.1440
      3240 -11.1547
      3270 -9.0956
      3300 -8.1739
      3330 -8.0507
      3360 -7.5560
      3390 -8.6908
      3420 -9.5322
      3450 -11.7829
      3480 -12.4354
      3510 -13.2810
      3540 -13.2810
      3570 -12.1440
      3600 -11.1547
      3630 -9.0956
      3660 -8.1739
      3690 -8.0507
      3720 -7.5560
      3750 -8.6908
      3780 -9.5322
      3810 -11.7829
      3840 -12.4354
      3870 -13.2810
      3900 -13.2810
      3930 -12.1440
      3960 -11.1547
      3990 -9.0956
      4020 -8.1739
      4050 -8.0507
      4080 -7.5560
      4110 -8.6908
      4140 -9.5322
      4170 -11.7829
      4200 -12.4354
      4230 -13.2810
      4260 -13.2810
      4290 -12.1440
      4320 -11.1547
      4350 -9.0956
      4380 -8.1739
      4410 -8.0507
      4440 -7.5560
      4470 -8.6908
      4500 -9.5322
      4530 -11.7829
      4560 -12.4354
      4590 -13.2810
      4620 -13.2810
      4650 -12.1440
      4680 -11.1547
      4710 -9.0956
      4740 -8.1739
      4770 -8.0507
      4800 -7.5560
      4830 -8.6908
      4860 -9.5322
      4890 -11.7829
      4920 -12.4354
      4950 -13.2810
      4980 -13.2810
      5010 -12.1440
      5040 -11.1547
      5070 -9.0956
      5100 -8.1739
      5130 -8.0507
      5160 -7.5560
      5190 -8.6908
      5220 -9.5322
      5250 -11.7829
      5280 -12.4354
      5310 -13.2810
      5340 -13.2810
      5370 -12.1440
      5400 -11.1547
      5430 -9.0956
      5460 -8.1739
      5490 -8.0507
      5520 -7.5560
      5550 -8.6908
      5580 -9.5322
      5610 -11.7829
      5640 -12.4354
      5670 -13.2810
      5700 -13.2810
      5730 -12.1440
      5760 -11.1547
      5790 -9.0956
      5820 -8.1739
      5850 -8.0507
      5880 -7.5560
      5910 -8.6908
      5940 -9.5322
      5970 -11.7829
      6000 -12.4354
      6030 -13.2810
      6060 -13.2810
      6090 -12.1440
      6120 -11.1547
      6150 -9.0956
      6180 -8.1739
      6210 -8.0507
      6240 -7.5560
      6270 -8.6908
      6300 -9.5322
      6330 -11.7829
      6360 -12.4354
      6390 -13.2810
      6420 -13.2810
      6450 -12.1440
      6480 -11.1547
      6510 -9.0956
      6540 -8.1739
      6570 -8.0507
      6600 -7.5560
      6630 -8.6908
      6660 -9.5322
      6690 -11.7829
      6720 -12.4354
      6750 -13.2810
      6780 -13.2810
      6810 -12.1440
      6840 -11.1547
      6870 -9.0956
      6900 -8.1739
      6930 -8.0507
      6960 -7.5560
      6990 -8.6908
      7020 -9.5322
      7050 -11.7829
      7080 -12.4354
      7110 -13.2810
      7140 -13.2810
      7170 -12.1440
      7200 -11.1547
      7230 -9.0956
      7260 -8.1739
      7290 -8.0507
      7320 -7.5560
      7350 -8.6908
      7380 -9.5322
      7410 -11.7829
      7440 -12.4354
      7470 -13.2810
      7500 -13.2810
      7530 -12.1440
      7560 -11.1547
      7590 -9.0956
      7620 -8.1739
      7650 -8.0507
      7680 -7.5560
      7710 -8.6908
      7740 -9.5322
      7770 -11.7829
      7800 -12.4354
      7830 -13.2810
      7860 -13.2810
      7890 -12.1440
      7920 -11.1547
      7950 -9.0956
      7980 -8.1739
      8010 -8.0507
      8040 -7.5560
      8070 -8.6908
      8100 -9.5322
      8130 -11.7829
      8160 -12.4354
      8190 -13.2810
      8220 -13.2810
      8250 -12.1440
      8280 -11.1547
      8310 -9.0956
      8340 -8.1739
      8370 -8.0507
      8400 -7.5560
      8430 -8.6908
      8460 -9.5322
      8490 -11.7829
      8520 -12.4354
      8550 -13.2810
      8580 -13.2810
      8610 -12.1440
