# Well Pumping Time Series Data for Well 100994 : 100994
# Start Date 1991
# Transient Simulation
# Created on 02-Jul-2019 13:09:56
# Column-1: Time in days from start date
# Column-2: Pumping Volume in cubic meters
         0 0.0000
         1 -0.0311
        30 -0.0253
        60 -0.0228
        90 -0.0224
       120 -0.0210
       150 -0.0242
       180 -0.0266
       210 -0.0328
       240 -0.0346
       270 -0.0370
       300 -0.0370
       330 -0.0338
       360 -0.0311
       390 -0.0253
       420 -0.0228
       450 -0.0224
       480 -0.0210
       510 -0.0242
       540 -0.0266
       570 -0.0328
       600 -0.0346
       630 -0.0370
       660 -0.0370
       690 -0.0338
       720 -0.0311
       750 -0.0253
       780 -0.0228
       810 -0.0224
       840 -0.0210
       870 -0.0242
       900 -0.0266
       930 -0.0328
       960 -0.0346
       990 -0.0370
      1020 -0.0370
      1050 -0.0338
      1080 -0.0311
      1110 -0.0253
      1140 -0.0228
      1170 -0.0224
      1200 -0.0210
      1230 -0.0242
      1260 -0.0266
      1290 -0.0328
      1320 -0.0346
      1350 -0.0370
      1380 -0.0370
      1410 -0.0338
      1440 -0.0311
      1470 -0.0253
      1500 -0.0228
      1530 -0.0224
      1560 -0.0210
      1590 -0.0242
      1620 -0.0266
      1650 -0.0328
      1680 -0.0346
      1710 -0.0370
      1740 -0.0370
      1770 -0.0338
      1800 -0.0311
      1830 -0.0253
      1860 -0.0228
      1890 -0.0224
      1920 -0.0210
      1950 -0.0242
      1980 -0.0266
      2010 -0.0328
      2040 -0.0346
      2070 -0.0370
      2100 -0.0370
      2130 -0.0338
      2160 -0.0311
      2190 -0.0253
      2220 -0.0228
      2250 -0.0224
      2280 -0.0210
      2310 -0.0242
      2340 -0.0266
      2370 -0.0328
      2400 -0.0346
      2430 -0.0370
      2460 -0.0370
      2490 -0.0338
      2520 -0.0311
      2550 -0.0253
      2580 -0.0228
      2610 -0.0224
      2640 -0.0210
      2670 -0.0242
      2700 -0.0266
      2730 -0.0328
      2760 -0.0346
      2790 -0.0370
      2820 -0.0370
      2850 -0.0338
      2880 -0.0311
      2910 -0.0253
      2940 -0.0228
      2970 -0.0224
      3000 -0.0210
      3030 -0.0242
      3060 -0.0266
      3090 -0.0328
      3120 -0.0346
      3150 -0.0370
      3180 -0.0370
      3210 -0.0338
      3240 -0.0311
      3270 -0.0253
      3300 -0.0228
      3330 -0.0224
      3360 -0.0210
      3390 -0.0242
      3420 -0.0266
      3450 -0.0328
      3480 -0.0346
      3510 -0.0370
      3540 -0.0370
      3570 -0.0338
      3600 -0.0311
      3630 -0.0253
      3660 -0.0228
      3690 -0.0224
      3720 -0.0210
      3750 -0.0242
      3780 -0.0266
      3810 -0.0328
      3840 -0.0346
      3870 -0.0370
      3900 -0.0370
      3930 -0.0338
      3960 -0.0311
      3990 -0.0253
      4020 -0.0228
      4050 -0.0224
      4080 -0.0210
      4110 -0.0242
      4140 -0.0266
      4170 -0.0328
      4200 -0.0346
      4230 -0.0370
      4260 -0.0370
      4290 -0.0338
      4320 -0.0311
      4350 -0.0253
      4380 -0.0228
      4410 -0.0224
      4440 -0.0210
      4470 -0.0242
      4500 -0.0266
      4530 -0.0328
      4560 -0.0346
      4590 -0.0370
      4620 -0.0370
      4650 -0.0338
      4680 -0.0311
      4710 -0.0253
      4740 -0.0228
      4770 -0.0224
      4800 -0.0210
      4830 -0.0242
      4860 -0.0266
      4890 -0.0328
      4920 -0.0346
      4950 -0.0370
      4980 -0.0370
      5010 -0.0338
      5040 -0.0311
      5070 -0.0253
      5100 -0.0228
      5130 -0.0224
      5160 -0.0210
      5190 -0.0242
      5220 -0.0266
      5250 -0.0328
      5280 -0.0346
      5310 -0.0370
      5340 -0.0370
      5370 -0.0338
      5400 -0.0311
      5430 -0.0253
      5460 -0.0228
      5490 -0.0224
      5520 -0.0210
      5550 -0.0242
      5580 -0.0266
      5610 -0.0328
      5640 -0.0346
      5670 -0.0370
      5700 -0.0370
      5730 -0.0338
      5760 -0.0311
      5790 -0.0253
      5820 -0.0228
      5850 -0.0224
      5880 -0.0210
      5910 -0.0242
      5940 -0.0266
      5970 -0.0328
      6000 -0.0346
      6030 -0.0370
      6060 -0.0370
      6090 -0.0338
      6120 -0.0311
      6150 -0.0253
      6180 -0.0228
      6210 -0.0224
      6240 -0.0210
      6270 -0.0242
      6300 -0.0266
      6330 -0.0328
      6360 -0.0346
      6390 -0.0370
      6420 -0.0370
      6450 -0.0338
      6480 -0.0311
      6510 -0.0253
      6540 -0.0228
      6570 -0.0224
      6600 -0.0210
      6630 -0.0242
      6660 -0.0266
      6690 -0.0328
      6720 -0.0346
      6750 -0.0370
      6780 -0.0370
      6810 -0.0338
      6840 -0.0311
      6870 -0.0253
      6900 -0.0228
      6930 -0.0224
      6960 -0.0210
      6990 -0.0242
      7020 -0.0266
      7050 -0.0328
      7080 -0.0346
      7110 -0.0370
      7140 -0.0370
      7170 -0.0338
      7200 -0.0311
      7230 -0.0253
      7260 -0.0228
      7290 -0.0224
      7320 -0.0210
      7350 -0.0242
      7380 -0.0266
      7410 -0.0328
      7440 -0.0346
      7470 -0.0370
      7500 -0.0370
      7530 -0.0338
      7560 -0.0311
      7590 -0.0253
      7620 -0.0228
      7650 -0.0224
      7680 -0.0210
      7710 -0.0242
      7740 -0.0266
      7770 -0.0328
      7800 -0.0346
      7830 -0.0370
      7860 -0.0370
      7890 -0.0338
      7920 -0.0311
      7950 -0.0253
      7980 -0.0228
      8010 -0.0224
      8040 -0.0210
      8070 -0.0242
      8100 -0.0266
      8130 -0.0328
      8160 -0.0346
      8190 -0.0370
      8220 -0.0370
      8250 -0.0338
      8280 -0.0311
      8310 -0.0253
      8340 -0.0228
      8370 -0.0224
      8400 -0.0210
      8430 -0.0242
      8460 -0.0266
      8490 -0.0328
      8520 -0.0346
      8550 -0.0370
      8580 -0.0370
      8610 -0.0338
