# Well Pumping Time Series Data for Well 100633 : 100633
# Start Date 1991
# Transient Simulation
# Created on 23-Apr-2020 15:50:14
# Column-1: Time in days from start date
# Column-2: Pumping Volume in cubic meters
     0  0.00000
  4409  0.00000
  4410 -1.59820
  4439 -1.59820
  4440 -1.50000
  4469 -1.50000
  4470 -1.72530
  4499 -1.72530
  4500 -1.89230
  4529 -1.89230
  4530 -2.33920
  4559 -2.33920
  4560 -2.46870
  4589 -2.46870
  4590 -2.63660
  4619 -2.63660
  4620 -2.63660
  4649 -2.63660
  4650 -2.41080
  4679 -2.41080
  4680 -2.21440
  4709 -2.21440
  4710 -1.80570
  4739 -1.80570
  4740 -1.62270
  4769 -1.62270
  4770 -0.78850
  4799 -0.78850
  4800 -0.74010
  4829 -0.74010
  4830 -0.85120
  4859 -0.85120
  4860 -0.93360
  4889 -0.93360
  4890 -1.15410
  4919 -1.15410
  4920 -1.21800
  4949 -1.21800
  4950 -1.30080
  4979 -1.30080
  4980 -1.30080
  5009 -1.30080
  5010 -1.18940
  5039 -1.18940
  5040 -1.09250
  5069 -1.09250
  5070 -0.89090
  5099 -0.89090
  5100 -0.80060
  5129 -0.80060
  5130 -0.30270
  5159 -0.30270
  5160 -0.28410
  5189 -0.28410
  5190 -0.32670
  5219 -0.32670
  5220 -0.35840
  5249 -0.35840
  5250 -0.44300
  5279 -0.44300
  5280 -0.46750
  5309 -0.46750
  5310 -0.49930
  5339 -0.49930
  5340 -0.49930
  5369 -0.49930
  5370 -0.45650
  5399 -0.45650
  5400 -0.41930
  5429 -0.41930
  5430 -0.34190
  5459 -0.34190
  5460 -0.30730
  5489 -0.30730
  5490 -0.29050
  5519 -0.29050
  5520 -0.27270
  5549 -0.27270
  5550 -0.31360
  5579 -0.31360
  5580 -0.34400
  5609 -0.34400
  5610 -0.42520
  5639 -0.42520
  5640 -0.44870
  5669 -0.44870
  5670 -0.47920
  5699 -0.47920
  5700 -0.47920
  5729 -0.47920
  5730 -0.43820
  5759 -0.43820
  5760 -0.40250
  5789 -0.40250
  5790 -0.32820
  5819 -0.32820
  5820 -0.29500
  5849 -0.29500
  5850 -0.36090
  5879 -0.36090
  5880 -0.33880
  5909 -0.33880
  5910 -0.38960
  5939 -0.38960
  5940 -0.42740
  5969 -0.42740
  5970 -0.52830
  5999 -0.52830
  6000 -0.55750
  6029 -0.55750
  6030 -0.59540
  6059 -0.59540
  6060 -0.59540
  6089 -0.59540
  6090 -0.54440
  6119 -0.54440
  6120 -0.50010
  6149 -0.50010
  6150 -0.40780
  6179 -0.40780
  6180 -0.36650
  6209 -0.36650
  6210 -0.35090
  6239 -0.35090
  6240 -0.32930
  6269 -0.32930
  6270 -0.37880
  6299 -0.37880
  6300 -0.41550
  6329 -0.41550
  6330 -0.51360
  6359 -0.51360
  6360 -0.54200
  6389 -0.54200
  6390 -0.57880
  6419 -0.57880
  6420 -0.57880
  6449 -0.57880
  6450 -0.52930
  6479 -0.52930
  6480 -0.48620
  6509 -0.48620
  6510 -0.39640
  6539 -0.39640
  6540 -0.35630
  6569 -0.35630
  6570 -0.28290
  6599 -0.28290
  6600 -0.26550
  6629 -0.26550
  6630 -0.30540
  6659 -0.30540
  6660 -0.33490
  6689 -0.33490
  6690 -0.41400
  6719 -0.41400
  6720 -0.43690
  6749 -0.43690
  6750 -0.46660
  6779 -0.46660
  6780 -0.46660
  6809 -0.46660
  6810 -0.42670
  6839 -0.42670
  6840 -0.39190
  6869 -0.39190
  6870 -0.31960
  6899 -0.31960
  6900 -0.28720
  6929 -0.28720
  6930 -0.06120
  6959 -0.06120
  6960 -0.05740
  6989 -0.05740
  6990 -0.06600
  7019 -0.06600
  7020 -0.07240
  7049 -0.07240
  7050 -0.08950
  7079 -0.08950
  7080 -0.09450
  7109 -0.09450
  7110 -0.10090
  7139 -0.10090
  7140 -0.10090
  7169 -0.10090
  7170 -0.09230
  7199 -0.09230
  7200 -0.08470
  7229 -0.08470
  7230 -0.06910
  7259 -0.06910
  7260 -0.06210
  7289 -0.06210
  7290 -0.07650
  7319 -0.07650
  7320 -0.07180
  7349 -0.07180
  7350 -0.08250
  7379 -0.08250
  7380 -0.09050
  7409 -0.09050
  7410 -0.11190
  7439 -0.11190
  7440 -0.11810
  7469 -0.11810
  7470 -0.12610
  7499 -0.12610
  7500 -0.12610
  7529 -0.12610
  7530 -0.11530
  7559 -0.11530
  7560 -0.10590
  7589 -0.10590
  7590 -0.08640
  7619 -0.08640
  7620 -0.07760
  7649 -0.07760
  7650 -0.08920
  7679 -0.08920
  7680 -0.08370
  7709 -0.08370
  7710 -0.09630
  7739 -0.09630
  7740 -0.10560
  7769 -0.10560
  7770 -0.13050
  7799 -0.13050
  7800 -0.13770
  7829 -0.13770
  7830 -0.14710
  7859 -0.14710
  7860 -0.14710
  7889 -0.14710
  7890 -0.13450
  7919 -0.13450
  7920 -0.12360
  7949 -0.12360
  7950 -0.10080
  7979 -0.10080
  7980 -0.09050
  8009 -0.09050
  8010 -0.02150
  8039 -0.02150
  8040 -0.02020
  8069 -0.02020
  8070 -0.02320
  8099 -0.02320
  8100 -0.02540
  8129 -0.02540
  8130 -0.03150
  8159 -0.03150
  8160 -0.03320
  8189 -0.03320
  8190 -0.03550
  8219 -0.03550
  8220 -0.03550
  8249 -0.03550
  8250 -0.03240
  8279 -0.03240
  8280 -0.02980
  8309 -0.02980
  8310 -0.02430
  8339 -0.02430
  8340 -0.02180
  8369 -0.02180
  8370 -0.02150
  8399 -0.02150
  8400 -0.02020
  8429 -0.02020
  8430 -0.02320
  8459 -0.02320
  8460 -0.02540
  8489 -0.02540
  8490 -0.03150
  8519 -0.03150
  8520 -0.03320
  8549 -0.03320
  8550 -0.03550
  8579 -0.03550
  8580 -0.03550
  8609 -0.03550
  8610 -0.03240
  8639 -0.03240
  8640 -0.02980
  8669 -0.02980
  8670 -0.02430
  8699 -0.02430
  8700 -0.02180
