# Well Pumping Time Series Data for Well DWR235016 : DWR235016
# Start Date 1991
# Transient Simulation
# Created on 23-Apr-2020 15:50:24
# Column-1: Time in days from start date
# Column-2: Pumping Volume in cubic meters
     0  0.00000
  2249  0.00000
  2250 -0.29050
  2279 -0.29050
  2280 -0.27270
  2309 -0.27270
  2310 -0.31360
  2339 -0.31360
  2340 -0.34400
  2369 -0.34400
  2370 -0.42520
  2399 -0.42520
  2400 -0.44870
  2429 -0.44870
  2430 -0.47920
  2459 -0.47920
  2460 -0.47920
  2489 -0.47920
  2490 -0.43820
  2519 -0.43820
  2520 -0.40250
  2549 -0.40250
  2550 -0.32820
  2579 -0.32820
  2580 -0.29500
  2609 -0.29500
  2610 -0.29050
  2639 -0.29050
  2640 -0.27270
  2669 -0.27270
  2670 -0.31360
  2699 -0.31360
  2700 -0.34400
  2729 -0.34400
  2730 -0.42520
  2759 -0.42520
  2760 -0.44870
  2789 -0.44870
  2790 -0.47920
  2819 -0.47920
  2820 -0.47920
  2849 -0.47920
  2850 -0.43820
  2879 -0.43820
  2880 -0.40250
  2909 -0.40250
  2910 -0.32820
  2939 -0.32820
  2940 -0.29500
  2969 -0.29500
  2970 -0.29050
  2999 -0.29050
  3000 -0.27270
  3029 -0.27270
  3030 -0.31360
  3059 -0.31360
  3060 -0.34400
  3089 -0.34400
  3090 -0.42520
  3119 -0.42520
  3120 -0.44870
  3149 -0.44870
  3150 -0.47920
  3179 -0.47920
  3180 -0.47920
  3209 -0.47920
  3210 -0.43820
  3239 -0.43820
  3240 -0.40250
  3269 -0.40250
  3270 -0.32820
  3299 -0.32820
  3300 -0.29500
  3329 -0.29500
  3330 -0.29050
  3359 -0.29050
  3360 -0.27270
  3389 -0.27270
  3390 -0.31360
  3419 -0.31360
  3420 -0.34400
  3449 -0.34400
  3450 -0.42520
  3479 -0.42520
  3480 -0.44870
  3509 -0.44870
  3510 -0.47920
  3539 -0.47920
  3540 -0.47920
  3569 -0.47920
  3570 -0.43820
  3599 -0.43820
  3600 -0.40250
  3629 -0.40250
  3630 -0.32820
  3659 -0.32820
  3660 -0.29500
  3689 -0.29500
  3690 -0.29050
  3719 -0.29050
  3720 -0.27270
  3749 -0.27270
  3750 -0.31360
  3779 -0.31360
  3780 -0.34400
  3809 -0.34400
  3810 -0.42520
  3839 -0.42520
  3840 -0.44870
  3869 -0.44870
  3870 -0.47920
  3899 -0.47920
  3900 -0.47920
  3929 -0.47920
  3930 -0.43820
  3959 -0.43820
  3960 -0.40250
  3989 -0.40250
  3990 -0.32820
  4019 -0.32820
  4020 -0.29500
  4049 -0.29500
  4050 -0.29050
  4079 -0.29050
  4080 -0.27270
  4109 -0.27270
  4110 -0.31360
  4139 -0.31360
  4140 -0.34400
  4169 -0.34400
  4170 -0.42520
  4199 -0.42520
  4200 -0.44870
  4229 -0.44870
  4230 -0.47920
  4259 -0.47920
  4260 -0.47920
  4289 -0.47920
  4290 -0.43820
  4319 -0.43820
  4320 -0.40250
  4349 -0.40250
  4350 -0.32820
  4379 -0.32820
  4380 -0.29500
  4409 -0.29500
  4410 -0.29050
  4439 -0.29050
  4440 -0.27270
  4469 -0.27270
  4470 -0.31360
  4499 -0.31360
  4500 -0.34400
  4529 -0.34400
  4530 -0.42520
  4559 -0.42520
  4560 -0.44870
  4589 -0.44870
  4590 -0.47920
  4619 -0.47920
  4620 -0.47920
  4649 -0.47920
  4650 -0.43820
  4679 -0.43820
  4680 -0.40250
  4709 -0.40250
  4710 -0.32820
  4739 -0.32820
  4740 -0.29500
  4769 -0.29500
  4770 -0.29050
  4799 -0.29050
  4800 -0.27270
  4829 -0.27270
  4830 -0.31360
  4859 -0.31360
  4860 -0.34400
  4889 -0.34400
  4890 -0.42520
  4919 -0.42520
  4920 -0.44870
  4949 -0.44870
  4950 -0.47920
  4979 -0.47920
  4980 -0.47920
  5009 -0.47920
  5010 -0.43820
  5039 -0.43820
  5040 -0.40250
  5069 -0.40250
  5070 -0.32820
  5099 -0.32820
  5100 -0.29500
  5129 -0.29500
  5130 -0.29050
  5159 -0.29050
  5160 -0.27270
  5189 -0.27270
  5190 -0.31360
  5219 -0.31360
  5220 -0.34400
  5249 -0.34400
  5250 -0.42520
  5279 -0.42520
  5280 -0.44870
  5309 -0.44870
  5310 -0.47920
  5339 -0.47920
  5340 -0.47920
  5369 -0.47920
  5370 -0.43820
  5399 -0.43820
  5400 -0.40250
  5429 -0.40250
  5430 -0.32820
  5459 -0.32820
  5460 -0.29500
  5489 -0.29500
  5490 -0.29050
  5519 -0.29050
  5520 -0.27270
  5549 -0.27270
  5550 -0.31360
  5579 -0.31360
  5580 -0.34400
  5609 -0.34400
  5610 -0.42520
  5639 -0.42520
  5640 -0.44870
  5669 -0.44870
  5670 -0.47920
  5699 -0.47920
  5700 -0.47920
  5729 -0.47920
  5730 -0.43820
  5759 -0.43820
  5760 -0.40250
  5789 -0.40250
  5790 -0.32820
  5819 -0.32820
  5820 -0.29500
  5849 -0.29500
  5850 -0.29050
  5879 -0.29050
  5880 -0.27270
  5909 -0.27270
  5910 -0.31360
  5939 -0.31360
  5940 -0.34400
  5969 -0.34400
  5970 -0.42520
  5999 -0.42520
  6000 -0.44870
  6029 -0.44870
  6030 -0.47920
  6059 -0.47920
  6060 -0.47920
  6089 -0.47920
  6090 -0.43820
  6119 -0.43820
  6120 -0.40250
  6149 -0.40250
  6150 -0.32820
  6179 -0.32820
  6180 -0.29500
  6209 -0.29500
  6210 -0.29050
  6239 -0.29050
  6240 -0.27270
  6269 -0.27270
  6270 -0.31360
  6299 -0.31360
  6300 -0.34400
  6329 -0.34400
  6330 -0.42520
  6359 -0.42520
  6360 -0.44870
  6389 -0.44870
  6390 -0.47920
  6419 -0.47920
  6420 -0.47920
  6449 -0.47920
  6450 -0.43820
  6479 -0.43820
  6480 -0.40250
  6509 -0.40250
  6510 -0.32820
  6539 -0.32820
  6540 -0.29500
  6569 -0.29500
  6570 -0.29050
  6599 -0.29050
  6600 -0.27270
  6629 -0.27270
  6630 -0.31360
  6659 -0.31360
  6660 -0.34400
  6689 -0.34400
  6690 -0.42520
  6719 -0.42520
  6720 -0.44870
  6749 -0.44870
  6750 -0.47920
  6779 -0.47920
  6780 -0.47920
  6809 -0.47920
  6810 -0.43820
  6839 -0.43820
  6840 -0.40250
  6869 -0.40250
  6870 -0.32820
  6899 -0.32820
  6900 -0.29500
  6929 -0.29500
  6930 -0.29050
  6959 -0.29050
  6960 -0.27270
  6989 -0.27270
  6990 -0.31360
  7019 -0.31360
  7020 -0.34400
  7049 -0.34400
  7050 -0.42520
  7079 -0.42520
  7080 -0.44870
  7109 -0.44870
  7110 -0.47920
  7139 -0.47920
  7140 -0.47920
  7169 -0.47920
  7170 -0.43820
  7199 -0.43820
  7200 -0.40250
  7229 -0.40250
  7230 -0.32820
  7259 -0.32820
  7260 -0.29500
  7289 -0.29500
  7290 -0.29050
  7319 -0.29050
  7320 -0.27270
  7349 -0.27270
  7350 -0.31360
  7379 -0.31360
  7380 -0.34400
  7409 -0.34400
  7410 -0.42520
  7439 -0.42520
  7440 -0.44870
  7469 -0.44870
  7470 -0.47920
  7499 -0.47920
  7500 -0.47920
  7529 -0.47920
  7530 -0.43820
  7559 -0.43820
  7560 -0.40250
  7589 -0.40250
  7590 -0.32820
  7619 -0.32820
  7620 -0.29500
  7649 -0.29500
  7650 -0.29050
  7679 -0.29050
  7680 -0.27270
  7709 -0.27270
  7710 -0.31360
  7739 -0.31360
  7740 -0.34400
  7769 -0.34400
  7770 -0.42520
  7799 -0.42520
  7800 -0.44870
  7829 -0.44870
  7830 -0.47920
  7859 -0.47920
  7860 -0.47920
  7889 -0.47920
  7890 -0.43820
  7919 -0.43820
  7920 -0.40250
  7949 -0.40250
  7950 -0.32820
  7979 -0.32820
  7980 -0.29500
  8009 -0.29500
  8010 -0.29050
  8039 -0.29050
  8040 -0.27270
  8069 -0.27270
  8070 -0.31360
  8099 -0.31360
  8100 -0.34400
  8129 -0.34400
  8130 -0.42520
  8159 -0.42520
  8160 -0.44870
  8189 -0.44870
  8190 -0.47920
  8219 -0.47920
  8220 -0.47920
  8249 -0.47920
  8250 -0.43820
  8279 -0.43820
  8280 -0.40250
  8309 -0.40250
  8310 -0.32820
  8339 -0.32820
  8340 -0.29500
  8369 -0.29500
  8370 -0.29050
  8399 -0.29050
  8400 -0.27270
  8429 -0.27270
  8430 -0.31360
  8459 -0.31360
  8460 -0.34400
  8489 -0.34400
  8490 -0.42520
  8519 -0.42520
  8520 -0.44870
  8549 -0.44870
  8550 -0.47920
  8579 -0.47920
  8580 -0.47920
  8609 -0.47920
  8610 -0.43820
  8639 -0.43820
  8640 -0.40250
  8669 -0.40250
  8670 -0.32820
  8699 -0.32820
  8700 -0.29500
