# Well Pumping Time Series Data for Well 102460 : 102460
# Start Date 1991
# Transient Simulation
# Created on 23-Apr-2020 15:50:24
# Column-1: Time in days from start date
# Column-2: Pumping Volume in cubic meters
     0  0.00000
    89  0.00000
    90 -0.73390
   119 -0.73390
   120 -0.68880
   149 -0.68880
   150 -0.79230
   179 -0.79230
   180 -0.86900
   209 -0.86900
   210 -1.07420
   239 -1.07420
   240 -1.13360
   269 -1.13360
   270 -1.21070
   299 -1.21070
   300 -1.21070
   329 -1.21070
   330 -1.10710
   359 -1.10710
   360 -1.01690
   389 -1.01690
   390 -0.82920
   419 -0.82920
   420 -0.74520
   449 -0.74520
   450 -0.38230
   479 -0.38230
   480 -0.35880
   509 -0.35880
   510 -0.41260
   539 -0.41260
   540 -0.45260
   569 -0.45260
   570 -0.55950
   599 -0.55950
   600 -0.59040
   629 -0.59040
   630 -0.63060
   659 -0.63060
   660 -0.63060
   689 -0.63060
   690 -0.57660
   719 -0.57660
   720 -0.52960
   749 -0.52960
   750 -0.43190
   779 -0.43190
   780 -0.38810
   809 -0.38810
   810 -0.46630
   839 -0.46630
   840 -0.43770
   869 -0.43770
   870 -0.50340
   899 -0.50340
   900 -0.55220
   929 -0.55220
   930 -0.68250
   959 -0.68250
   960 -0.72030
   989 -0.72030
   990 -0.76930
  1019 -0.76930
  1020 -0.76930
  1049 -0.76930
  1050 -0.70350
  1079 -0.70350
  1080 -0.64610
  1109 -0.64610
  1110 -0.52690
  1139 -0.52690
  1140 -0.47350
  1169 -0.47350
  1170 -0.49800
  1199 -0.49800
  1200 -0.46740
  1229 -0.46740
  1230 -0.53760
  1259 -0.53760
  1260 -0.58960
  1289 -0.58960
  1290 -0.72890
  1319 -0.72890
  1320 -0.76920
  1349 -0.76920
  1350 -0.82150
  1379 -0.82150
  1380 -0.82150
  1409 -0.82150
  1410 -0.75120
  1439 -0.75120
  1440 -0.69000
  1469 -0.69000
  1470 -0.56260
  1499 -0.56260
  1500 -0.50560
  1529 -0.50560
  1530 -0.49640
  1559 -0.49640
  1560 -0.46590
  1589 -0.46590
  1590 -0.53590
  1619 -0.53590
  1620 -0.58780
  1649 -0.58780
  1650 -0.72650
  1679 -0.72650
  1680 -0.76680
  1709 -0.76680
  1710 -0.81890
  1739 -0.81890
  1740 -0.81890
  1769 -0.81890
  1770 -0.74880
  1799 -0.74880
  1800 -0.68780
  1829 -0.68780
  1830 -0.56080
  1859 -0.56080
  1860 -0.50400
  1889 -0.50400
  1890 -0.36450
  1919 -0.36450
  1920 -0.34210
  1949 -0.34210
  1950 -0.39340
  1979 -0.39340
  1980 -0.43150
  2009 -0.43150
  2010 -0.53340
  2039 -0.53340
  2040 -0.56290
  2069 -0.56290
  2070 -0.60120
  2099 -0.60120
  2100 -0.60120
  2129 -0.60120
  2130 -0.54980
  2159 -0.54980
  2160 -0.50500
  2189 -0.50500
  2190 -0.41180
  2219 -0.41180
  2220 -0.37000
  2249 -0.37000
  2250 -0.36700
  2279 -0.36700
  2280 -0.34440
  2309 -0.34440
  2310 -0.39610
  2339 -0.39610
  2340 -0.43450
  2369 -0.43450
  2370 -0.53710
  2399 -0.53710
  2400 -0.56680
  2429 -0.56680
  2430 -0.60540
  2459 -0.60540
  2460 -0.60540
  2489 -0.60540
  2490 -0.55350
  2519 -0.55350
  2520 -0.50840
  2549 -0.50840
  2550 -0.41460
  2579 -0.41460
  2580 -0.37260
  2609 -0.37260
  2610 -0.36450
  2639 -0.36450
  2640 -0.34210
  2669 -0.34210
  2670 -0.39340
  2699 -0.39340
  2700 -0.43150
  2729 -0.43150
  2730 -0.53340
  2759 -0.53340
  2760 -0.56290
  2789 -0.56290
  2790 -0.60120
  2819 -0.60120
  2820 -0.60120
  2849 -0.60120
  2850 -0.54980
  2879 -0.54980
  2880 -0.50500
  2909 -0.50500
  2910 -0.41180
  2939 -0.41180
  2940 -0.37000
  2969 -0.37000
  2970 -0.36450
  2999 -0.36450
  3000 -0.34210
  3029 -0.34210
  3030 -0.39340
  3059 -0.39340
  3060 -0.43150
  3089 -0.43150
  3090 -0.53340
  3119 -0.53340
  3120 -0.56290
  3149 -0.56290
  3150 -0.60120
  3179 -0.60120
  3180 -0.60120
  3209 -0.60120
  3210 -0.54980
  3239 -0.54980
  3240 -0.50500
  3269 -0.50500
  3270 -0.41180
  3299 -0.41180
  3300 -0.37000
  3329 -0.37000
  3330 -0.36700
  3359 -0.36700
  3360 -0.34440
  3389 -0.34440
  3390 -0.39610
  3419 -0.39610
  3420 -0.43450
  3449 -0.43450
  3450 -0.53710
  3479 -0.53710
  3480 -0.56680
  3509 -0.56680
  3510 -0.60540
  3539 -0.60540
  3540 -0.60540
  3569 -0.60540
  3570 -0.55350
  3599 -0.55350
  3600 -0.50840
  3629 -0.50840
  3630 -0.41460
  3659 -0.41460
  3660 -0.37260
  3689 -0.37260
  3690 -0.36700
  3719 -0.36700
  3720 -0.34440
  3749 -0.34440
  3750 -0.39610
  3779 -0.39610
  3780 -0.43450
  3809 -0.43450
  3810 -0.53710
  3839 -0.53710
  3840 -0.56680
  3869 -0.56680
  3870 -0.60540
  3899 -0.60540
  3900 -0.60540
  3929 -0.60540
  3930 -0.55350
  3959 -0.55350
  3960 -0.50840
  3989 -0.50840
  3990 -0.41460
  4019 -0.41460
  4020 -0.37260
  4049 -0.37260
  4050 -0.36700
  4079 -0.36700
  4080 -0.34440
  4109 -0.34440
  4110 -0.39610
  4139 -0.39610
  4140 -0.43450
  4169 -0.43450
  4170 -0.53710
  4199 -0.53710
  4200 -0.56680
  4229 -0.56680
  4230 -0.60540
  4259 -0.60540
  4260 -0.60540
  4289 -0.60540
  4290 -0.55350
  4319 -0.55350
  4320 -0.50840
  4349 -0.50840
  4350 -0.41460
  4379 -0.41460
  4380 -0.37260
  4409 -0.37260
  4410 -0.36450
  4439 -0.36450
  4440 -0.34210
  4469 -0.34210
  4470 -0.39340
  4499 -0.39340
  4500 -0.43150
  4529 -0.43150
  4530 -0.53340
  4559 -0.53340
  4560 -0.56290
  4589 -0.56290
  4590 -0.60120
  4619 -0.60120
  4620 -0.60120
  4649 -0.60120
  4650 -0.54980
  4679 -0.54980
  4680 -0.50500
  4709 -0.50500
  4710 -0.41180
  4739 -0.41180
  4740 -0.37000
  4769 -0.37000
  4770 -0.36450
  4799 -0.36450
  4800 -0.34210
  4829 -0.34210
  4830 -0.39340
  4859 -0.39340
  4860 -0.43150
  4889 -0.43150
  4890 -0.53340
  4919 -0.53340
  4920 -0.56290
  4949 -0.56290
  4950 -0.60120
  4979 -0.60120
  4980 -0.60120
  5009 -0.60120
  5010 -0.54980
  5039 -0.54980
  5040 -0.50500
  5069 -0.50500
  5070 -0.41180
  5099 -0.41180
  5100 -0.37000
  5129 -0.37000
  5130 -0.36450
  5159 -0.36450
  5160 -0.34210
  5189 -0.34210
  5190 -0.39340
  5219 -0.39340
  5220 -0.43150
  5249 -0.43150
  5250 -0.53340
  5279 -0.53340
  5280 -0.56290
  5309 -0.56290
  5310 -0.60120
  5339 -0.60120
  5340 -0.60120
  5369 -0.60120
  5370 -0.54980
  5399 -0.54980
  5400 -0.50500
  5429 -0.50500
  5430 -0.41180
  5459 -0.41180
  5460 -0.37000
  5489 -0.37000
  5490 -0.36450
  5519 -0.36450
  5520 -0.34210
  5549 -0.34210
  5550 -0.39340
  5579 -0.39340
  5580 -0.43150
  5609 -0.43150
  5610 -0.53340
  5639 -0.53340
  5640 -0.56290
  5669 -0.56290
  5670 -0.60120
  5699 -0.60120
  5700 -0.60120
  5729 -0.60120
  5730 -0.54980
  5759 -0.54980
  5760 -0.50500
  5789 -0.50500
  5790 -0.41180
  5819 -0.41180
  5820 -0.37000
  5849 -0.37000
  5850 -0.36450
  5879 -0.36450
  5880 -0.34210
  5909 -0.34210
  5910 -0.39340
  5939 -0.39340
  5940 -0.43150
  5969 -0.43150
  5970 -0.53340
  5999 -0.53340
  6000 -0.56290
  6029 -0.56290
  6030 -0.60120
  6059 -0.60120
  6060 -0.60120
  6089 -0.60120
  6090 -0.54980
  6119 -0.54980
  6120 -0.50500
  6149 -0.50500
  6150 -0.41180
  6179 -0.41180
  6180 -0.37000
  6209 -0.37000
  6210 -0.36450
  6239 -0.36450
  6240 -0.34210
  6269 -0.34210
  6270 -0.39340
  6299 -0.39340
  6300 -0.43150
  6329 -0.43150
  6330 -0.53340
  6359 -0.53340
  6360 -0.56290
  6389 -0.56290
  6390 -0.60120
  6419 -0.60120
  6420 -0.60120
  6449 -0.60120
  6450 -0.54980
  6479 -0.54980
  6480 -0.50500
  6509 -0.50500
  6510 -0.41180
  6539 -0.41180
  6540 -0.37000
  6569 -0.37000
  6570 -0.44340
  6599 -0.44340
  6600 -0.41620
  6629 -0.41620
  6630 -0.47870
  6659 -0.47870
  6660 -0.52500
  6689 -0.52500
  6690 -0.64900
  6719 -0.64900
  6720 -0.68490
  6749 -0.68490
  6750 -0.73150
  6779 -0.73150
  6780 -0.73150
  6809 -0.73150
  6810 -0.66890
  6839 -0.66890
  6840 -0.61440
  6869 -0.61440
  6870 -0.50100
  6899 -0.50100
  6900 -0.45020
  7289 -0.45020
  7290 -0.36700
  7319 -0.36700
  7320 -0.34440
  7349 -0.34440
  7350 -0.39610
  7379 -0.39610
  7380 -0.43450
  7409 -0.43450
  7410 -0.53710
  7439 -0.53710
  7440 -0.56680
  7469 -0.56680
  7470 -0.60540
  7499 -0.60540
  7500 -0.60540
  7529 -0.60540
  7530 -0.55350
  7559 -0.55350
  7560 -0.50840
  7589 -0.50840
  7590 -0.41460
  7619 -0.41460
  7620 -0.37260
  7649 -0.37260
  7650 -0.61160
  7679 -0.61160
  7680 -0.57400
  7709 -0.57400
  7710 -0.66020
  7739 -0.66020
  7740 -0.72410
  7769 -0.72410
  7770 -0.89510
  7799 -0.89510
  7800 -0.94470
  7829 -0.94470
  7830 -1.00890
  7859 -1.00890
  7860 -1.00890
  7889 -1.00890
  7890 -0.92260
  7919 -0.92260
  7920 -0.84740
  7949 -0.84740
  7950 -0.69100
  7979 -0.69100
  7980 -0.62100
  8009 -0.62100
  8010 -0.61160
  8039 -0.61160
  8040 -0.57400
  8069 -0.57400
  8070 -0.66020
  8099 -0.66020
  8100 -0.72410
  8129 -0.72410
  8130 -0.89510
  8159 -0.89510
  8160 -0.94470
  8189 -0.94470
  8190 -1.00890
  8219 -1.00890
  8220 -1.00890
  8249 -1.00890
  8250 -0.92260
  8279 -0.92260
  8280 -0.84740
  8309 -0.84740
  8310 -0.69100
  8339 -0.69100
  8340 -0.62100
  8369 -0.62100
  8370 -0.61160
  8399 -0.61160
  8400 -0.57400
  8429 -0.57400
  8430 -0.66020
  8459 -0.66020
  8460 -0.72410
  8489 -0.72410
  8490 -0.89510
  8519 -0.89510
  8520 -0.94470
  8549 -0.94470
  8550 -1.00890
  8579 -1.00890
  8580 -1.00890
  8609 -1.00890
  8610 -0.92260
  8639 -0.92260
  8640 -0.84740
  8669 -0.84740
  8670 -0.69100
  8699 -0.69100
  8700 -0.62100
