# Well Pumping Time Series Data for Well 100317 : 100317
# Start Date 1991
# Transient Simulation
# Created on 28-Jun-2019 13:12:51
# Column-1: Time in days from start date
# Column-2: Pumping Volume in cubic meters
         0 0.0000
         1 -0.8389
        30 -0.6841
        60 -0.6148
        90 -0.6055
       120 -0.5683
       150 -0.6536
       180 -0.7169
       210 -0.8862
       240 -0.9353
       270 -0.9989
       300 -0.9989
       330 -0.9133
       360 -0.8389
       390 -0.6841
       420 -0.6148
       450 -0.6055
       480 -0.5683
       510 -0.6536
       540 -0.7169
       570 -0.8862
       600 -0.9353
       630 -0.9989
       660 -0.9989
       690 -0.9133
       720 -0.8389
       750 -0.6841
       780 -0.6148
       810 -0.6055
       840 -0.5683
       870 -0.6536
       900 -0.7169
       930 -0.8862
       960 -0.9353
       990 -0.9989
      1020 -0.9989
      1050 -0.9133
      1080 -0.8389
      1110 -0.6841
      1140 -0.6148
      1170 -0.6055
      1200 -0.5683
      1230 -0.6536
      1260 -0.7169
      1290 -0.8862
      1320 -0.9353
      1350 -0.9989
      1380 -0.9989
      1410 -0.9133
      1440 -0.8389
      1470 -0.6841
      1500 -0.6148
      1530 -0.6055
      1560 -0.5683
      1590 -0.6536
      1620 -0.7169
      1650 -0.8862
      1680 -0.9353
      1710 -0.9989
      1740 -0.9989
      1770 -0.9133
      1800 -0.8389
      1830 -0.6841
      1860 -0.6148
      1890 -0.6055
      1920 -0.5683
      1950 -0.6536
      1980 -0.7169
      2010 -0.8862
      2040 -0.9353
      2070 -0.9989
      2100 -0.9989
      2130 -0.9133
      2160 -0.8389
      2190 -0.6841
      2220 -0.6148
      2250 -0.6055
      2280 -0.5683
      2310 -0.6536
      2340 -0.7169
      2370 -0.8862
      2400 -0.9353
      2430 -0.9989
      2460 -0.9989
      2490 -0.9133
      2520 -0.8389
      2550 -0.6841
      2580 -0.6148
      2610 -0.6055
      2640 -0.5683
      2670 -0.6536
      2700 -0.7169
      2730 -0.8862
      2760 -0.9353
      2790 -0.9989
      2820 -0.9989
      2850 -0.9133
      2880 -0.8389
      2910 -0.6841
      2940 -0.6148
      2970 -0.6055
      3000 -0.5683
      3030 -0.6536
      3060 -0.7169
      3090 -0.8862
      3120 -0.9353
      3150 -0.9989
      3180 -0.9989
      3210 -0.9133
      3240 -0.8389
      3270 -0.6841
      3300 -0.6148
      3330 -0.6055
      3360 -0.5683
      3390 -0.6536
      3420 -0.7169
      3450 -0.8862
      3480 -0.9353
      3510 -0.9989
      3540 -0.9989
      3570 -0.9133
      3600 -0.8389
      3630 -0.6841
      3660 -0.6148
      3690 -0.6055
      3720 -0.5683
      3750 -0.6536
      3780 -0.7169
      3810 -0.8862
      3840 -0.9353
      3870 -0.9989
      3900 -0.9989
      3930 -0.9133
      3960 -0.8389
      3990 -0.6841
      4020 -0.6148
      4050 -0.6055
      4080 -0.5683
      4110 -0.6536
      4140 -0.7169
      4170 -0.8862
      4200 -0.9353
      4230 -0.9989
      4260 -0.9989
      4290 -0.9133
      4320 -0.8389
      4350 -0.6841
      4380 -0.6148
      4410 -0.6055
      4440 -0.5683
      4470 -0.6536
      4500 -0.7169
      4530 -0.8862
      4560 -0.9353
      4590 -0.9989
      4620 -0.9989
      4650 -0.9133
      4680 -0.8389
      4710 -0.6841
      4740 -0.6148
      4770 -0.6055
      4800 -0.5683
      4830 -0.6536
      4860 -0.7169
      4890 -0.8862
      4920 -0.9353
      4950 -0.9989
      4980 -0.9989
      5010 -0.9133
      5040 -0.8389
      5070 -0.6841
      5100 -0.6148
      5130 -0.6055
      5160 -0.5683
      5190 -0.6536
      5220 -0.7169
      5250 -0.8862
      5280 -0.9353
      5310 -0.9989
      5340 -0.9989
      5370 -0.9133
      5400 -0.8389
      5430 -0.6841
      5460 -0.6148
      5490 -0.6055
      5520 -0.5683
      5550 -0.6536
      5580 -0.7169
      5610 -0.8862
      5640 -0.9353
      5670 -0.9989
      5700 -0.9989
      5730 -0.9133
      5760 -0.8389
      5790 -0.6841
      5820 -0.6148
      5850 -0.6055
      5880 -0.5683
      5910 -0.6536
      5940 -0.7169
      5970 -0.8862
      6000 -0.9353
      6030 -0.9989
      6060 -0.9989
      6090 -0.9133
      6120 -0.8389
      6150 -0.6841
      6180 -0.6148
      6210 -0.6055
      6240 -0.5683
      6270 -0.6536
      6300 -0.7169
      6330 -0.8862
      6360 -0.9353
      6390 -0.9989
      6420 -0.9989
      6450 -0.9133
      6480 -0.8389
      6510 -0.6841
      6540 -0.6148
      6570 -0.6055
      6600 -0.5683
      6630 -0.6536
      6660 -0.7169
      6690 -0.8862
      6720 -0.9353
      6750 -0.9989
      6780 -0.9989
      6810 -0.9133
      6840 -0.8389
      6870 -0.6841
      6900 -0.6148
      6930 -0.6055
      6960 -0.5683
      6990 -0.6536
      7020 -0.7169
      7050 -0.8862
      7080 -0.9353
      7110 -0.9989
      7140 -0.9989
      7170 -0.9133
      7200 -0.8389
      7230 -0.6841
      7260 -0.6148
      7290 -0.6055
      7320 -0.5683
      7350 -0.6536
      7380 -0.7169
      7410 -0.8862
      7440 -0.9353
      7470 -0.9989
      7500 -0.9989
      7530 -0.9133
      7560 -0.8389
      7590 -0.6841
      7620 -0.6148
      7650 -0.6055
      7680 -0.5683
      7710 -0.6536
      7740 -0.7169
      7770 -0.8862
      7800 -0.9353
      7830 -0.9989
      7860 -0.9989
      7890 -0.9133
      7920 -0.8389
      7950 -0.6841
      7980 -0.6148
      8010 -0.6055
      8040 -0.5683
      8070 -0.6536
      8100 -0.7169
      8130 -0.8862
      8160 -0.9353
      8190 -0.9989
      8220 -0.9989
      8250 -0.9133
      8280 -0.8389
      8310 -0.6841
      8340 -0.6148
      8370 -0.6055
      8400 -0.5683
      8430 -0.6536
      8460 -0.7169
      8490 -0.8862
      8520 -0.9353
      8550 -0.9989
      8580 -0.9989
      8610 -0.9133
