# Well Pumping Time Series Data for Well 100880 : 100880
# Start Date 1991
# Transient Simulation
# Created on 28-Jun-2019 13:12:58
# Column-1: Time in days from start date
# Column-2: Pumping Volume in cubic meters
         0 0.0000
         1 -13.7957
        30 -11.2491
        60 -10.1092
        90 -9.9569
       120 -9.3450
       150 -10.7485
       180 -11.7891
       210 -14.5728
       240 -15.3797
       270 -16.4255
       300 -16.4255
       330 -15.0194
       360 -13.7957
       390 -11.2491
       420 -10.1092
       450 -9.9569
       480 -9.3450
       510 -10.7485
       540 -11.7891
       570 -14.5728
       600 -15.3797
       630 -16.4255
       660 -16.4255
       690 -15.0194
       720 -13.7957
       750 -11.2491
       780 -10.1092
       810 -9.9569
       840 -9.3450
       870 -10.7485
       900 -11.7891
       930 -14.5728
       960 -15.3797
       990 -16.4255
      1020 -16.4255
      1050 -15.0194
      1080 -13.7957
      1110 -11.2491
      1140 -10.1092
      1170 -9.9569
      1200 -9.3450
      1230 -10.7485
      1260 -11.7891
      1290 -14.5728
      1320 -15.3797
      1350 -16.4255
      1380 -16.4255
      1410 -15.0194
      1440 -13.7957
      1470 -11.2491
      1500 -10.1092
      1530 -9.9569
      1560 -9.3450
      1590 -10.7485
      1620 -11.7891
      1650 -14.5728
      1680 -15.3797
      1710 -16.4255
      1740 -16.4255
      1770 -15.0194
      1800 -13.7957
      1830 -11.2491
      1860 -10.1092
      1890 -9.9569
      1920 -9.3450
      1950 -10.7485
      1980 -11.7891
      2010 -14.5728
      2040 -15.3797
      2070 -16.4255
      2100 -16.4255
      2130 -15.0194
      2160 -13.7957
      2190 -11.2491
      2220 -10.1092
      2250 -9.9569
      2280 -9.3450
      2310 -10.7485
      2340 -11.7891
      2370 -14.5728
      2400 -15.3797
      2430 -16.4255
      2460 -16.4255
      2490 -15.0194
      2520 -13.7957
      2550 -11.2491
      2580 -10.1092
      2610 -9.9569
      2640 -9.3450
      2670 -10.7485
      2700 -11.7891
      2730 -14.5728
      2760 -15.3797
      2790 -16.4255
      2820 -16.4255
      2850 -15.0194
      2880 -13.7957
      2910 -11.2491
      2940 -10.1092
      2970 -9.9569
      3000 -9.3450
      3030 -10.7485
      3060 -11.7891
      3090 -14.5728
      3120 -15.3797
      3150 -16.4255
      3180 -16.4255
      3210 -15.0194
      3240 -13.7957
      3270 -11.2491
      3300 -10.1092
      3330 -9.9569
      3360 -9.3450
      3390 -10.7485
      3420 -11.7891
      3450 -14.5728
      3480 -15.3797
      3510 -16.4255
      3540 -16.4255
      3570 -15.0194
      3600 -13.7957
      3630 -11.2491
      3660 -10.1092
      3690 -9.9569
      3720 -9.3450
      3750 -10.7485
      3780 -11.7891
      3810 -14.5728
      3840 -15.3797
      3870 -16.4255
      3900 -16.4255
      3930 -15.0194
      3960 -13.7957
      3990 -11.2491
      4020 -10.1092
      4050 -9.9569
      4080 -9.3450
      4110 -10.7485
      4140 -11.7891
      4170 -14.5728
      4200 -15.3797
      4230 -16.4255
      4260 -16.4255
      4290 -15.0194
      4320 -13.7957
      4350 -11.2491
      4380 -10.1092
      4410 -9.9569
      4440 -9.3450
      4470 -10.7485
      4500 -11.7891
      4530 -14.5728
      4560 -15.3797
      4590 -16.4255
      4620 -16.4255
      4650 -15.0194
      4680 -13.7957
      4710 -11.2491
      4740 -10.1092
      4770 -9.9569
      4800 -9.3450
      4830 -10.7485
      4860 -11.7891
      4890 -14.5728
      4920 -15.3797
      4950 -16.4255
      4980 -16.4255
      5010 -15.0194
      5040 -13.7957
      5070 -11.2491
      5100 -10.1092
      5130 -9.9569
      5160 -9.3450
      5190 -10.7485
      5220 -11.7891
      5250 -14.5728
      5280 -15.3797
      5310 -16.4255
      5340 -16.4255
      5370 -15.0194
      5400 -13.7957
      5430 -11.2491
      5460 -10.1092
      5490 -9.9569
      5520 -9.3450
      5550 -10.7485
      5580 -11.7891
      5610 -14.5728
      5640 -15.3797
      5670 -16.4255
      5700 -16.4255
      5730 -15.0194
      5760 -13.7957
      5790 -11.2491
      5820 -10.1092
      5850 -9.9569
      5880 -9.3450
      5910 -10.7485
      5940 -11.7891
      5970 -14.5728
      6000 -15.3797
      6030 -16.4255
      6060 -16.4255
      6090 -15.0194
      6120 -13.7957
      6150 -11.2491
      6180 -10.1092
      6210 -9.9569
      6240 -9.3450
      6270 -10.7485
      6300 -11.7891
      6330 -14.5728
      6360 -15.3797
      6390 -16.4255
      6420 -16.4255
      6450 -15.0194
      6480 -13.7957
      6510 -11.2491
      6540 -10.1092
      6570 -9.9569
      6600 -9.3450
      6630 -10.7485
      6660 -11.7891
      6690 -14.5728
      6720 -15.3797
      6750 -16.4255
      6780 -16.4255
      6810 -15.0194
      6840 -13.7957
      6870 -11.2491
      6900 -10.1092
      6930 -9.9569
      6960 -9.3450
      6990 -10.7485
      7020 -11.7891
      7050 -14.5728
      7080 -15.3797
      7110 -16.4255
      7140 -16.4255
      7170 -15.0194
      7200 -13.7957
      7230 -11.2491
      7260 -10.1092
      7290 -9.9569
      7320 -9.3450
      7350 -10.7485
      7380 -11.7891
      7410 -14.5728
      7440 -15.3797
      7470 -16.4255
      7500 -16.4255
      7530 -15.0194
      7560 -13.7957
      7590 -11.2491
      7620 -10.1092
      7650 -9.9569
      7680 -9.3450
      7710 -10.7485
      7740 -11.7891
      7770 -14.5728
      7800 -15.3797
      7830 -16.4255
      7860 -16.4255
      7890 -15.0194
      7920 -13.7957
      7950 -11.2491
      7980 -10.1092
      8010 -9.9569
      8040 -9.3450
      8070 -10.7485
      8100 -11.7891
      8130 -14.5728
      8160 -15.3797
      8190 -16.4255
      8220 -16.4255
      8250 -15.0194
      8280 -13.7957
      8310 -11.2491
      8340 -10.1092
      8370 -9.9569
      8400 -9.3450
      8430 -10.7485
      8460 -11.7891
      8490 -14.5728
      8520 -15.3797
      8550 -16.4255
      8580 -16.4255
      8610 -15.0194
