# Well Pumping Time Series Data for Well N41 : N41
# Start Date 1991
# Steady State Simulation
# Created on 18-May-2018 13:19:15
# Column-1: Time in days from start date
# Column-2: Pumping Volume in cubic meters
         0 -2.00
         1 -2.00
        60 -1.00
        90 -1.00
       120 -2.00
       150 -4.00
       180 -3.00
       210 -5.00
       240 -3.00
       270 -2.00
       300 -3.00
       330 -1.00
       360 -1.00
       390 -2.00
       420 -1.00
       450 -1.00
       480 -2.00
       510 -4.00
       540 -3.00
       570 -5.00
       600 -3.00
       630 -2.00
       660 -3.00
       690 -1.00
       720 -1.00
       750 -2.00
       780 -1.00
       810 -1.00
       840 -2.00
       870 -4.00
       900 -3.00
       930 -5.00
       960 -3.00
       990 -2.00
      1020 -3.00
      1050 -1.00
      1080 -1.00
      1110 -2.00
      1140 -1.00
      1170 -1.00
      1200 -2.00
      1230 -4.00
      1260 -3.00
      1290 -5.00
      1320 -3.00
      1350 -2.00
      1380 -3.00
      1410 -1.00
      1440 -1.00
      1470 -2.00
      1500 -1.00
      1530 -1.00
      1560 -2.00
      1590 -4.00
      1620 -3.00
      1650 -5.00
      1680 -3.00
      1710 -2.00
      1740 -3.00
      1770 -1.00
      1800 -1.00
      1830 -2.00
      1860 -1.00
      1890 -1.00
      1920 -2.27
      1950 -4.54
      1980 -3.41
      2010 -5.68
      2040 -3.41
      2070 -2.27
      2100 -3.41
      2130 -1.14
      2160 -1.14
      2190 -2.27
      2220 -1.14
      2250 -1.14
      2280 -2.61
      2310 -5.22
      2340 -3.92
      2370 -6.53
      2400 -3.92
      2430 -2.61
      2460 -3.92
      2490 -1.31
      2520 -1.31
      2550 -2.61
      2580 -1.31
      2610 -1.31
      2640 -2.43
      2670 -4.86
      2700 -3.65
      2730 -6.08
      2760 -3.65
      2790 -2.43
      2820 -3.65
      2850 -1.22
      2880 -1.22
      2910 -2.43
      2940 -1.22
      2970 -1.22
      3000 -2.34
      3030 -4.68
      3060 -3.51
      3090 -5.85
      3120 -3.51
      3150 -2.34
      3180 -3.51
      3210 -1.17
      3240 -1.17
      3270 -2.34
      3300 -1.17
      3330 -1.17
      3360 -2.27
      3390 -4.54
      3420 -3.41
      3450 -5.68
      3480 -3.41
      3510 -2.27
      3540 -3.41
      3570 -1.14
      3600 -1.14
      3630 -2.27
      3660 -1.14
      3690 -1.14
      3720 -2.52
      3750 -5.04
      3780 -3.78
      3810 -6.30
      3840 -3.78
      3870 -2.52
      3900 -3.78
      3930 -1.26
      3960 -1.26
      3990 -2.52
      4020 -1.26
      4050 -1.26
      4080 -2.27
      4110 -4.54
      4140 -3.41
      4170 -5.68
      4200 -3.41
      4230 -2.27
      4260 -3.41
      4290 -1.14
      4320 -1.14
      4350 -2.27
      4380 -1.14
      4410 -1.14
      4440 -2.38
      4470 -4.77
      4500 -3.58
      4530 -5.96
      4560 -3.58
      4590 -2.38
      4620 -3.58
      4650 -1.19
      4680 -1.19
      4710 -2.38
      4740 -1.19
      4770 -1.19
      4800 -2.27
      4830 -4.54
      4860 -3.41
      4890 -5.68
      4920 -3.41
      4950 -2.27
      4980 -3.41
      5010 -1.14
      5040 -1.14
      5070 -2.27
      5100 -1.14
      5130 -1.14
      5160 -2.84
      5190 -5.68
      5220 -4.26
      5250 -7.10
      5280 -4.26
      5310 -2.84
      5340 -4.26
      5370 -1.42
      5400 -1.42
      5430 -2.84
      5460 -1.42
      5490 -1.42
      5520 -2.45
      5550 -4.91
      5580 -3.68
      5610 -6.13
      5640 -3.68
      5670 -2.45
      5700 -3.68
      5730 -1.23
      5760 -1.23
      5790 -2.45
      5820 -1.23
      5850 -1.23
      5880 -2.73
      5910 -5.45
      5940 -4.09
      5970 -6.81
      6000 -4.09
      6030 -2.73
      6060 -4.09
      6090 -1.36
      6120 -1.36
      6150 -2.73
      6180 -1.36
      6210 -1.36
      6240 -3.29
      6270 -6.59
      6300 -4.94
      6330 -8.23
      6360 -4.94
      6390 -3.29
      6420 -4.94
      6450 -1.65
      6480 -1.65
      6510 -3.29
      6540 -1.65
      6570 -1.65
      6600 -2.61
      6630 -5.22
      6660 -3.92
      6690 -6.53
      6720 -3.92
      6750 -2.61
      6780 -3.92
      6810 -1.31
      6840 -1.31
      6870 -2.61
      6900 -1.31
      6930 -1.31
      6960 -1.14
      6990 -1.14
      7020 -1.14
      7050 -2.27
      7080 -3.41
      7110 -2.27
      7140 -2.27
      7350 -1.14
      7380 -1.14
      7440 -3.41
      7470 -5.68
      7500 -4.54
      7530 -7.95
      7560 -3.41
      7590 -6.81
      7620 -7.95
      7650 -5.68
      7710 -1.14
      7740 -1.14
      7800 -3.41
      7830 -5.68
      7860 -4.54
      7890 -3.41
      7920 -6.81
      7950 -7.95
      7980 -5.68
      8040 -7.95
      8070 -4.54
      8100 -6.81
      8130 -5.68
      8160 -6.81
      8190 -5.68
      8220 -6.81
      8250 -6.81
      8280 -5.68
      8310 -5.68
      8340 -3.41
      8370 -1.14
      8400 -1.14
      8430 -5.68
      8460 -4.54
      8490 -7.95
      8520 -6.81
      8550 -5.68
      8580 -5.68
      8610 -5.68
      8640 -5.68
      8640 -4.54
      8640 -2.27
