# Well Pumping Time Series Data for Well 102060 : 102060
# Start Date 1990
# Transient Simulation
# Created on 09-May-2017 20:26:39
# Column-1: Time in days from start date
# Column-2: Pumping Volume in cubic meters
         0  0.00
      3690 -0.01
      3720 -0.01
      3750 -0.01
      3780 -0.01
      3810 -0.01
      3840 -0.01
      3870 -0.01
      3900 -0.01
      3930 -0.01
      3960 -0.01
      3990 -0.01
      4020 -0.01
      4410 -1.17
      4440 -1.10
      4470 -1.27
      4500 -1.39
      4530 -1.72
      4560 -1.81
      4590 -1.94
      4620 -1.94
      4650 -1.77
      4680 -1.63
      4710 -1.33
      4740 -1.19
      6570 -0.54
      6600 -0.51
      6630 -0.59
      6660 -0.64
      6690 -0.79
      6720 -0.84
      6750 -0.90
      6780 -0.90
      6810 -0.82
      6840 -0.75
      6870 -0.61
      6900 -0.55
      7650 -0.57
      7680 -0.54
      7710 -0.62
      7740 -0.68
      7770 -0.84
      7800 -0.88
      7830 -0.94
      7860 -0.94
      7890 -0.86
      7920 -0.79
      7950 -0.65
      7980 -0.58
      8010 -0.40
      8040 -0.37
      8070 -0.43
      8100 -0.47
      8130 -0.58
      8160 -0.61
      8190 -0.65
      8220 -0.65
      8250 -0.60
      8280 -0.55
      8310 -0.45
      8340 -0.40
