  pp_1_l3     616160     4019910     10                4.5151200E-04
  pp_2_l3     629500     4023400     10                1.6144209E-04
  pp_3_l3     628800     4021900     10                7.1270755E-03
  pp_4_l3     632700     4025600     10                3.8581177E-04
  pp_5_l3     620891     4034890     10                5.5567689E-04
  pp_6_l3     619339     4034280     10                3.5471773E-04
  pp_7_l3     618309     4034580     10                6.9256756E-04
  pp_8_l3     617289     4033460     10                6.5110773E-06
  pp_9_l3     618861     4036860     10                5.6682631E-04
 pp_10_l3     620363     4038880     10                4.9330993E-04
 pp_11_l3     621643     4037290     10                7.1202265E-04
 pp_12_l3     621714     4035600     10                5.0954880E-04
 pp_13_l3     597765     4047430     10                3.8630535E-04
 pp_14_l3     598161     4047340     10                5.4677180E-02
 pp_15_l3     598571     4047430     10                8.1054593E-05
 pp_16_l3     610634     4040320     10                1.8602217E-04
 pp_17_l3     610362     4040780     10                1.7805182E-03
 pp_18_l3     601375     4041000     10                1.0914093E-03
 pp_19_l3     602478     4041900     10                1.4660730E-04
 pp_20_l3     603089     4041870     10                1.0706847E-04
 pp_21_l3     603276     4039080     10                4.7094930E-04
 pp_22_l3     613690     4026160     10                5.3190121E-04
 pp_23_l3     608200     4029900     10                2.4601941E-04
 pp_24_l3     612200     4029800     10                4.6529197E-04
 pp_25_l3     612654     4035370     10                1.2557105E-06
 pp_26_l3     615089     4035450     10                1.7460068E-03
 pp_27_l3     615425     4031770     10                3.7737754E-04
 pp_28_l3     615551     4033120     10                2.1885766E-04
 pp_29_l3     617300     4029800     10                4.5530805E-04
 pp_30_l3     622846     4032800     10                3.6327973E-04
 pp_31_l3     622631     4032370     10                2.8106312E-04
 pp_32_l3     621869     4033060     10                4.2724682E-04
 pp_33_l3     622548     4032850     10                3.5431215E-04
 pp_34_l3     622737     4032940     10                3.1977195E-04
 pp_35_l3     622859     4032950     10                4.5308011E-04
 pp_36_l3     610800     4027600     10                5.8735881E-04
 pp_37_l3     632368     4028170     10                4.6003361E-04
 pp_38_l3     635098     4028600     10                6.3984982E-06
 pp_39_l3     623900     4017700     10                3.1252320E-04
 pp_40_l3     624378     4022350     10                7.3580935E-04
 pp_41_l3     619688     4026190     10                6.8079697E-04
 pp_42_l3     622700     4026200     10                7.0908144E-04
 pp_43_l3     629376     4021040     10                1.5267458E-04
 pp_44_l3     620835     4020480     10                4.3733940E-04
 pp_45_l3     622525     4018340     10                4.3507909E-04
 pp_46_l3     629895     4020500     10                1.5773767E-04
 pp_47_l3     621200     4017800     10                5.3320078E-04
 pp_48_l3     629450     4021560     10                1.5523401E-04
 pp_49_l3     629242     4022500     10                4.8681530E-05
 pp_50_l3     627245     4026960     10                5.0933511E-04
 pp_51_l3     620316     4029030     10                4.2081393E-04
 pp_52_l3     620444     4027120     10                5.1804264E-04
 pp_53_l3     620607     4028860     10                4.7509607E-04
 pp_54_l3     619803     4028910     10                4.4413508E-04
 pp_55_l3     620982     4032510     10                1.4147345E-04
 pp_56_l3     633800     4029600     10                1.6579806E-05
 pp_57_l3     635383     4028890     10                4.5868245E-05
 pp_58_l3     628600     4034800     10                3.9563571E-04
 pp_59_l3     629557     4030060     10                4.3108414E-04
 pp_60_l3     632195     4033210     10                1.2191101E-04
 pp_61_l3     625442     4033120     10                3.3707525E-04
 pp_62_l3     626593     4034950     10                8.7605400E-05
 pp_63_l3     627822     4039840     10                3.5082385E-04
 pp_64_l3     618065     4033380     10                2.5702429E-05
 pp_65_l3     609000     4035560     10                4.2739645E-04
 pp_66_l3     608882     4032350     10                9.7392554E-04
 pp_67_l3     604618     4033580     10                4.9564834E-04
 pp_68_l3     606649     4035520     10                4.8936186E-04
 pp_69_l3     611338     4036480     10                1.6557193E-03
 pp_70_l3     608563     4037480     10                1.3150303E-04
 pp_71_l3     608094     4038910     10                7.2381273E-06
 pp_72_l3     610023     4039130     10                9.6402388E-03
 pp_73_l3     611530     4038510     10                1.5948910E-04
 pp_74_l3     614858     4036290     10                3.4238500E-04
 pp_75_l3     614302     4035840     10                1.2522991E-04
 pp_76_l3     614282     4036550     10                1.4900461E-02
 pp_77_l3     614457     4036950     10                1.0000000E+01
 pp_78_l3     615265     4036460     10                1.4977690E-03
 pp_79_l3     623633     4035880     10                1.1913348E-04
 pp_80_l3     620575     4040290     10                4.7486837E-04
 pp_81_l3     624051     4039100     10                1.9961163E-04
 pp_82_l3     624335     4036360     10                9.5026368E-06
 pp_83_l3     625858     4035860     10                1.6308391E-04
 pp_84_l3     625217     4036650     10                2.7093835E-05
 pp_85_l3     614793     4040070     10                3.4713829E-05
 pp_86_l3     614352     4039890     10                9.2115023E-05
 pp_87_l3     614226     4040350     10                6.9067952E-05
 pp_88_l3     607526     4040450     10                1.2525581E-03
 pp_89_l3     605856     4040100     10                3.3519467E-05
 pp_90_l3     597840     4044480     10                4.5193510E-04
 pp_91_l3     597349     4044080     10                4.8497708E-04
 pp_92_l3     597508     4045320     10                4.8611618E-04
 pp_93_l3     598397     4044840     10                5.1314475E-04
 pp_94_l3     598313     4044550     10                5.1907997E-04
 pp_95_l3     598249     4044440     10                4.2149565E-04
 pp_96_l3     602220     4043730     10                9.4053577E-04
 pp_97_l3     601740     4043420     10                8.5280101E-04
 pp_98_l3     601674     4043730     10                6.6285618E-04
 pp_99_l3     601804     4044250     10                2.7364542E-04
pp_100_l3     601548     4044700     10                2.4038814E-04
pp_101_l3     602426     4043510     10                6.3088239E-04
pp_102_l3     607825     4044770     10                2.2999958E-04
pp_103_l3     607173     4044040     10                1.7100045E-03
pp_104_l3     606711     4045540     10                9.4974861E-04
pp_105_l3     607336     4044780     10                3.1099501E-05
pp_106_l3     610438     4045060     10                3.2302659E-03
pp_107_l3     610341     4044340     10                1.3783534E-03
pp_108_l3     609906     4044630     10                1.4290672E-02
pp_109_l3     633723     4025570     10                5.0320222E-04
pp_110_l3     621327     4032140     10                9.8012596E-05
pp_111_l3     619617     4031060     10                4.1613781E-04
pp_112_l3     621078     4030580     10                1.7422913E-04
pp_113_l3     621819     4031780     10                1.1057548E-02
pp_114_l3     624359     4030790     10                2.3404451E-04
pp_115_l3     622686     4029470     10                3.9002613E-04
pp_116_l3     634763     4027160     10                1.8662263E-04
pp_117_l3     624567     4032940     10                4.0305898E-04
pp_118_l3     626322     4031840     10                5.6435399E-04
pp_119_l3     625083     4033690     10                3.9245204E-06
pp_120_l3     625638     4033610     10                5.6890458E-06
pp_121_l3     625342     4033320     10                2.2032959E-04
pp_122_l3     627061     4033930     10                3.3465741E-04
pp_123_l3     624377     4028340     10                5.0188440E-04
pp_124_l3     625048     4032000     10                7.9145202E-04
pp_125_l3     626458     4033090     10                3.2370554E-04
pp_126_l3     624859     4033050     10                5.7701951E-04
pp_127_l3     624815     4033640     10                2.5161904E-05
pp_128_l3     623444     4033410     10                4.6157912E-04
pp_129_l3     624101     4033280     10                4.5805892E-04
pp_130_l3     624418     4033420     10                2.8411754E-04
pp_131_l3     625956     4034930     10                8.8137084E-06
pp_132_l3     626141     4033860     10                8.4812040E-05
pp_133_l3     625456     4034790     10                1.6074284E-02
pp_134_l3     626214     4034430     10                2.9012439E-05
pp_135_l3     624869     4034540     10                9.0596540E-03
pp_136_l3     625309     4034350     10                1.3985106E-03
pp_137_l3     625724     4034000     10                1.4987010E-05
pp_138_l3     624235     4034580     10                1.3226450E-05
pp_139_l3     624419     4035520     10                2.1872879E-04
pp_140_l3     622196     4031580     10                5.2321723E-03
pp_141_l3     621836     4030140     10                2.4931267E-04
pp_142_l3     622037     4032150     10                9.5402688E-05
pp_143_l3     621675     4032660     10                4.9615569E-05
pp_144_l3     620389     4029540     10                3.3188384E-04
pp_145_l3     624307     4031510     10                3.8386349E-04
pp_146_l3     624547     4031270     10                2.4217609E-04
pp_147_l3     624161     4031830     10                1.6158757E-04
pp_148_l3     624446     4032230     10                2.0670780E-04
pp_149_l3     623253     4031210     10                1.6691656E-04
pp_150_l3     623569     4031650     10                2.9821730E-04
pp_151_l3     623923     4032040     10                8.9492540E-05
pp_152_l3     620574     4029190     10                3.8176192E-04
pp_153_l3     622364     4032050     10                6.2033055E-05
pp_154_l3     622820     4032240     10                3.9233219E-04
pp_155_l3     623174     4031890     10                2.4021213E-04
pp_156_l3     622186     4032610     10                2.1476315E-04
pp_157_l3     621212     4033350     10                5.7463529E-04
pp_158_l3     620802     4031730     10                2.2494256E-04
pp_159_l3     621715     4033250     10                4.9119198E-04
pp_160_l3     621990     4033240     10                5.3098247E-04
pp_161_l3     622100     4033140     10                3.5418283E-04
pp_162_l3     622191     4032940     10                3.6064574E-04
pp_163_l3     621984     4033640     10                3.7690153E-04
pp_164_l3     621617     4033650     10                5.0349665E-04
pp_165_l3     621684     4033810     10                5.4843658E-04
pp_166_l3     621516     4034030     10                4.6963086E-04
pp_167_l3     621847     4033540     10                6.2508995E-04
pp_168_l3     621633     4033480     10                5.1079702E-04
pp_169_l3     620553     4034380     10                4.6986885E-04
pp_170_l3     622360     4034530     10                6.0208765E-04
pp_171_l3     620152     4034590     10                3.7609393E-04
pp_172_l3     620736     4033570     10                4.8988603E-04
pp_173_l3     620168     4035000     10                6.7170232E-04
pp_174_l3     621457     4033760     10                5.1315462E-04
pp_175_l3     623773     4034360     10                1.6123491E-05
pp_176_l3     623749     4034050     10                4.4299310E-04
pp_177_l3     622539     4034170     10                4.1282901E-04
pp_178_l3     623051     4035200     10                6.3817739E-05
pp_179_l3     624462     4034170     10                1.0000000E-06
pp_180_l3     624941     4031370     10                1.4822057E-04
pp_181_l3     624759     4032760     10                4.9600361E-04
pp_182_l3     625268     4032950     10                8.7263089E-04
pp_183_l3     622656     4031610     10                8.8739065E-05
pp_184_l3     623295     4032990     10                4.1940745E-04
pp_185_l3     623969     4032890     10                3.9583269E-04
pp_186_l3     623878     4032600     10                2.1503973E-04
pp_187_l3     623445     4032140     10                4.2412204E-04
pp_188_l3     623569     4032410     10                4.2097221E-04
pp_189_l3     623576     4031970     10                3.0223893E-04
pp_190_l3     623759     4033730     10                3.2075173E-04
pp_191_l3     623093     4033590     10                3.7663940E-04
pp_192_l3     623162     4033930     10                2.9739356E-04
pp_193_l3     623358     4034120     10                3.4601467E-04
pp_194_l3     625081     4030970     10                3.6429331E-04
pp_195_l3     621540     4033180     10                3.5309401E-04
pp_196_l3     621374     4032940     10                2.5564879E-04
pp_197_l3     620700     4033130     10                1.1011859E-03
pp_198_l3     619767     4032590     10                5.7991610E-04
pp_199_l3     619858     4033200     10                3.7251195E-04
pp_200_l3     621171     4034120     10                5.1103148E-04
pp_201_l3     621575     4033390     10                5.8621578E-04
pp_202_l3     622032     4031940     10                1.4915745E-04
pp_203_l3     623070     4033130     10                5.4088645E-04
pp_204_l3     623061     4033130     10                4.0988008E-04
pp_205_l3     622765     4033050     10                4.7992670E-04
pp_206_l3     622719     4033170     10                6.5522183E-04
pp_207_l3     622784     4033270     10                4.7064768E-04
pp_208_l3     622873     4033080     10                6.0833551E-04
pp_209_l3     622534     4033080     10                9.7603883E-04
pp_210_l3     622613     4033140     10                3.8306374E-04
pp_211_l3     622700     4033470     10                1.0066354E-03
pp_212_l3     622512     4033280     10                1.3561486E-03
pp_213_l3     622656     4033660     10                2.9895845E-04
pp_214_l3     622359     4033250     10                3.9301934E-04
pp_215_l3     622344     4033440     10                6.1201549E-04
pp_216_l3     622344     4033320     10                4.3284728E-04
pp_217_l3     622150     4033360     10                5.1397676E-04
pp_218_l3     622222     4033410     10                5.0915914E-04
pp_219_l3     622259     4033540     10                5.7949625E-04
pp_220_l3     622460     4033430     10                5.2830116E-04
pp_221_l3     622137     4033950     10                5.6997052E-04
pp_222_l3     621233     4033740     10                2.6165953E-04
pp_223_l3     620820     4034090     10                2.7199667E-04
pp_224_l3     622004     4033500     10                4.4949540E-04
pp_225_l3     621968     4033370     10                7.0677429E-04
pp_226_l3     621816     4033370     10                5.0646946E-04
pp_227_l3     623075     4032660     10                2.9002268E-04
pp_228_l3     620059     4033430     10                5.2492671E-04
pp_229_l3     620176     4033910     10                3.9994529E-04
pp_230_l3     619674     4033530     10                4.6890308E-04
pp_231_l3     618736     4033170     10                3.9960459E-04
pp_232_l3     610546     4034370     10                3.6065044E-05
pp_233_l3     611480     4033440     10                1.6072366E-05
pp_234_l3     613061     4034490     10                2.8800672E-06
pp_235_l3     611300     4034530     10                1.5579737E-04
pp_236_l3     608983     4033160     10                1.1198321E-03
pp_237_l3     610064     4037800     10                3.0187091E-03
pp_238_l3     615811     4023510     10                4.3748001E-04
pp_239_l3     607049     4033240     10                3.4743062E-04
pp_240_l3     609586     4033580     10                1.3559147E-04
pp_241_l3     610546     4032620     10                1.2677583E-04
pp_242_l3     620036     4023320     10                7.0828715E-04
pp_243_l3     607297     4035520     10                3.2461405E-04
pp_244_l3     605863     4037300     10                6.8989504E-04
pp_245_l3     606555     4038670     10                4.5972293E-04
pp_246_l3     607338     4038330     10                2.3130878E-05
pp_247_l3     607337     4036350     10                6.7999948E-04
pp_248_l3     608929     4040250     10                4.0188903E-04
pp_249_l3     608577     4038590     10                1.5803050E-06
pp_250_l3     612062     4038210     10                3.9436680E-04
pp_251_l3     613127     4038110     10                5.8125159E-03
pp_252_l3     613340     4037980     10                5.8980682E-04
pp_253_l3     613434     4037730     10                6.9435447E-04
pp_254_l3     613653     4037350     10                7.3734230E-04
pp_255_l3     613850     4036980     10                4.7244443E-03
pp_256_l3     613376     4036930     10                7.0041000E-04
pp_257_l3     613118     4038380     10                9.6725311E-04
pp_258_l3     612427     4038480     10                1.1170099E-03
pp_259_l3     613004     4038550     10                2.4660398E-03
pp_260_l3     613482     4038220     10                8.3088502E-04
pp_261_l3     613479     4038830     10                1.0166145E-03
pp_262_l3     613259     4039650     10                3.8398847E-04
pp_263_l3     614993     4038090     10                5.5517516E-04
pp_264_l3     614897     4037620     10                1.5626225E-02
pp_265_l3     614461     4038380     10                1.8233889E-04
pp_266_l3     614684     4038450     10                1.9913136E-04
pp_267_l3     615764     4038270     10                2.0711733E-03
pp_268_l3     615960     4035060     10                1.9748041E-04
pp_269_l3     616412     4035260     10                4.5192019E-02
pp_270_l3     615482     4034880     10                4.1348396E-04
pp_271_l3     616016     4034820     10                1.5761895E-04
pp_272_l3     613650     4038280     10                1.2599642E-03
pp_273_l3     613905     4038000     10                5.2159021E-04
pp_274_l3     613858     4036630     10                6.3282577E-05
pp_275_l3     615454     4035160     10                4.8999625E-04
pp_276_l3     614508     4035530     10                2.5078048E-03
pp_277_l3     615413     4035870     10                1.0000000E+01
pp_278_l3     614978     4035010     10                7.2899348E-04
pp_279_l3     616333     4036270     10                1.3753999E-02
pp_280_l3     615756     4035220     10                5.7140691E-04
pp_281_l3     615763     4035450     10                1.2401576E-03
pp_282_l3     615999     4035540     10                2.4242061E-05
pp_283_l3     616187     4035380     10                4.7943210E-04
pp_284_l3     615699     4035030     10                4.7221188E-04
pp_285_l3     615346     4035340     10                6.4041251E-04
pp_286_l3     615465     4035530     10                2.1587458E-03
pp_287_l3     615844     4035940     10                2.3205209E-04
pp_288_l3     615470     4035310     10                4.8071700E-04
pp_289_l3     615655     4035410     10                3.0441035E-04
pp_290_l3     616088     4036080     10                1.4064395E-06
pp_291_l3     615944     4035670     10                1.7243190E-06
pp_292_l3     615785     4036560     10                2.2297580E-04
pp_293_l3     616710     4036980     10                7.6117579E-05
pp_294_l3     614400     4037910     10                3.4901166E-05
pp_295_l3     613746     4037670     10                4.9017201E-04
pp_296_l3     614177     4038110     10                1.6703009E-04
pp_297_l3     612430     4037560     10                3.7557983E-04
pp_298_l3     616676     4036370     10                7.1932763E-06
pp_299_l3     612771     4033140     10                5.0149356E-06
pp_300_l3     616090     4036490     10                1.2892718E-03
pp_301_l3     613973     4033070     10                1.6657174E-06
pp_302_l3     614504     4037360     10                3.5103196E-05
pp_303_l3     614937     4037250     10                2.0406700E-04
pp_304_l3     614385     4038480     10                1.9791877E-04
pp_305_l3     614629     4038670     10                6.7717817E-05
pp_306_l3     614011     4038230     10                5.5398419E-04
pp_307_l3     613789     4038490     10                1.8767276E-03
pp_308_l3     613376     4036540     10                5.9157872E-05
pp_309_l3     616062     4037620     10                3.4745120E-03
pp_310_l3     614630     4038670     10                2.5741406E-05
pp_311_l3     616310     4038810     10                2.0549132E-03
pp_312_l3     616505     4035970     10                9.5012734E-03
pp_313_l3     613767     4039040     10                8.2254060E-04
pp_314_l3     614587     4038170     10                3.3477640E-05
pp_315_l3     615679     4037090     10                1.9301894E-04
pp_316_l3     616359     4034840     10                1.3410606E-03
pp_317_l3     615957     4034340     10                3.3841079E-04
pp_318_l3     613400     4038630     10                2.0962709E-03
pp_319_l3     613164     4038870     10                1.3900320E-03
pp_320_l3     616337     4036770     10                2.5001585E-06
pp_321_l3     616749     4038900     10                1.3821246E-03
pp_322_l3     624848     4042750     10                4.1623296E-04
pp_323_l3     617388     4035530     10                4.6316628E-03
pp_324_l3     614222     4034460     10                1.6041831E-06
pp_325_l3     614098     4038520     10                3.1423074E-03
pp_326_l3     614245     4038550     10                7.3988738E-04
pp_327_l3     623499     4035070     10                5.8674569E-05
pp_328_l3     625150     4036440     10                5.5696105E-05
pp_329_l3     624751     4036750     10                1.5299380E-05
pp_330_l3     625545     4036210     10                8.6282397E-05
pp_331_l3     625059     4036210     10                2.9769507E-05
pp_332_l3     624451     4036640     10                1.0190576E-05
pp_333_l3     624944     4036330     10                8.3888431E-05
pp_334_l3     623167     4034710     10                1.2195489E-04
pp_335_l3     624388     4034940     10                1.9044361E-04
pp_336_l3     625724     4034290     10                5.5489190E-05
pp_337_l3     625442     4035520     10                1.5701076E-04
pp_338_l3     624552     4036840     10                5.4347706E-06
pp_339_l3     624794     4036510     10                3.4844696E-05
pp_340_l3     623631     4036800     10                2.0985690E-04
pp_341_l3     613957     4040710     10                1.8428481E-04
pp_342_l3     612755     4040460     10                1.2129977E-06
pp_343_l3     612953     4041540     10                2.1983216E-05
pp_344_l3     612353     4041140     10                7.7865734E-05
pp_345_l3     612543     4041770     10                8.8636331E-04
pp_346_l3     614845     4040620     10                1.2265357E-04
pp_347_l3     615128     4039530     10                6.4728562E-05
pp_348_l3     614538     4039640     10                1.4601454E-05
pp_349_l3     614350     4039880     10                8.8112895E-04
pp_350_l3     613495     4040170     10                3.4044601E-04
pp_351_l3     613574     4041230     10                1.6038795E-04
pp_352_l3     613847     4039590     10                2.3345264E-04
pp_353_l3     613580     4039820     10                1.3697898E-04
pp_354_l3     612489     4042150     10                1.0792956E-04
pp_355_l3     614401     4039210     10                2.3278442E-04
pp_356_l3     614149     4039120     10                5.1573514E-04
pp_357_l3     613361     4039320     10                7.7052304E-04
pp_358_l3     613811     4039240     10                3.7953189E-04
pp_359_l3     614521     4039390     10                3.0891512E-04
pp_360_l3     614263     4038920     10                1.7068959E-03
pp_361_l3     612371     4040700     10                1.0000000E-06
pp_362_l3     615301     4038980     10                1.2899681E-03
pp_363_l3     614676     4038890     10                5.2067853E-04
pp_364_l3     614567     4038960     10                1.2545075E-02
pp_365_l3     614757     4039130     10                4.8044253E-04
pp_366_l3     612939     4039060     10                1.1636539E-03
pp_367_l3     614369     4038740     10                1.0680405E-03
pp_368_l3     614562     4038800     10                1.6386478E-04
pp_369_l3     614436     4038870     10                1.2053554E-03
pp_370_l3     616421     4036460     10                1.0511905E-04
pp_371_l3     612890     4039370     10                6.5254496E-04
pp_372_l3     612179     4039010     10                7.8634116E-04
pp_373_l3     612516     4039290     10                8.1078775E-04
pp_374_l3     612375     4039860     10                5.9353802E-04
pp_375_l3     612609     4039600     10                3.0590017E-04
pp_376_l3     612014     4039260     10                6.9409692E-04
pp_377_l3     611615     4039770     10                1.8605006E-03
pp_378_l3     612135     4039660     10                1.0346093E-03
pp_379_l3     609878     4040300     10                1.6726025E-04
pp_380_l3     609326     4041160     10                1.2264065E-04
pp_381_l3     609573     4041680     10                3.3607744E-04
pp_382_l3     610112     4041800     10                2.4712538E-03
pp_383_l3     610587     4041210     10                2.7076500E-01
pp_384_l3     610940     4040050     10                4.9169895E-04
pp_385_l3     610910     4039790     10                1.1952679E-04
pp_386_l3     610797     4038760     10                1.6521084E-02
pp_387_l3     611317     4039460     10                5.9070107E-05
pp_388_l3     611715     4041570     10                2.9780248E-04
pp_389_l3     611707     4041580     10                8.9598151E-05
pp_390_l3     611459     4041880     10                9.0245752E-05
pp_391_l3     611645     4042990     10                6.3346155E-04
pp_392_l3     608453     4039740     10                2.1102095E-04
pp_393_l3     608487     4040890     10                2.0533276E-04
pp_394_l3     609914     4040980     10                4.4624381E-04
pp_395_l3     608853     4041580     10                1.3905233E-04
pp_396_l3     608852     4041960     10                8.8612898E-04
pp_397_l3     609791     4041450     10                6.0219116E-04
pp_398_l3     608721     4041800     10                2.9377868E-04
pp_399_l3     608366     4041950     10                3.6103842E-04
pp_400_l3     608749     4042240     10                3.5737474E-04
pp_401_l3     608754     4042060     10                6.6827268E-04
pp_402_l3     609077     4041920     10                5.8600637E-03
pp_403_l3     608571     4041900     10                3.6925338E-04
pp_404_l3     608655     4041960     10                6.2020334E-04
pp_405_l3     608329     4041410     10                1.3008903E-04
pp_406_l3     608420     4042130     10                5.0484197E-04
pp_407_l3     608562     4042110     10                3.0336588E-04
pp_408_l3     611966     4041070     10                1.7754799E-04
pp_409_l3     611553     4040400     10                2.1561059E-02
pp_410_l3     611332     4040710     10                5.4699832E-04
pp_411_l3     610909     4040760     10                3.4919011E-02
pp_412_l3     608377     4042220     10                3.4786940E-04
pp_413_l3     609206     4043430     10                4.9079554E-04
pp_414_l3     608985     4042450     10                9.6376653E-06
pp_415_l3     610065     4042360     10                4.3508193E-05
pp_416_l3     610456     4042860     10                8.8282860E-05
pp_417_l3     610974     4043120     10                4.0853827E-04
pp_418_l3     612787     4039970     10                2.7104392E-04
pp_419_l3     612253     4040240     10                2.8490970E-03
pp_420_l3     612452     4040050     10                5.3573669E-05
pp_421_l3     611984     4039950     10                1.2705971E-02
pp_422_l3     611947     4040300     10                6.5001220E-02
pp_423_l3     612273     4040030     10                6.4311262E-04
pp_424_l3     611006     4042490     10                8.6015055E-05
pp_425_l3     611150     4041540     10                5.1142465E-05
pp_426_l3     610997     4041170     10                1.0434300E+00
pp_427_l3     610491     4041790     10                8.4430550E-03
pp_428_l3     610945     4041490     10                5.5730788E-04
pp_429_l3     611053     4041280     10                1.3301530E-03
pp_430_l3     611251     4041310     10                2.1791120E-05
pp_431_l3     612748     4041230     10                1.1909403E-04
pp_432_l3     612120     4040570     10                1.5094247E-03
pp_433_l3     612095     4041440     10                2.0128844E-04
pp_434_l3     613185     4040950     10                2.6230495E-04
pp_435_l3     611589     4040080     10                8.9436120E-02
pp_436_l3     611368     4041260     10                6.6560720E-06
pp_437_l3     609017     4042100     10                5.0248984E-03
pp_438_l3     611847     4039450     10                6.6009718E-04
pp_439_l3     611536     4039070     10                7.8357615E-05
pp_440_l3     610973     4041860     10                1.7490695E-04
pp_441_l3     611043     4044130     10                9.9110375E-03
pp_442_l3     610240     4041350     10                1.5765054E-03
pp_443_l3     610659     4042370     10                1.1566207E-05
pp_444_l3     610696     4041610     10                6.5509131E-04
pp_445_l3     611623     4041020     10                1.1501158E-04
pp_446_l3     611004     4040960     10                2.5083210E-01
pp_447_l3     611354     4041060     10                2.0655143E-04
pp_448_l3     609269     4041880     10                6.3659980E-03
pp_449_l3     609515     4043020     10                1.8623002E-05
pp_450_l3     606379     4042440     10                7.3363308E-04
pp_451_l3     605761     4041970     10                4.8296395E-02
pp_452_l3     605660     4042390     10                1.5765135E-03
pp_453_l3     606345     4043620     10                3.4758026E-03
pp_454_l3     607457     4043740     10                1.0388071E-03
pp_455_l3     606977     4042820     10                4.4682019E-04
pp_456_l3     608062     4042430     10                4.9799957E-04
pp_457_l3     607594     4043180     10                8.0562556E-04
pp_458_l3     607771     4042460     10                4.9271758E-04
pp_459_l3     608452     4042440     10                1.1328955E-04
pp_460_l3     608008     4042060     10                5.8218696E-04
pp_461_l3     606671     4040780     10                4.5245218E-03
pp_462_l3     607482     4042200     10                9.6688561E-04
pp_463_l3     608039     4042270     10                6.2002494E-04
pp_464_l3     607063     4042100     10                5.3031198E-04
pp_465_l3     606640     4041850     10                1.0391754E-03
pp_466_l3     607272     4042480     10                3.3526997E-04
pp_467_l3     607540     4041780     10                8.4263471E-04
pp_468_l3     606539     4040640     10                4.3486350E-04
pp_469_l3     606940     4041510     10                1.2252955E-04
pp_470_l3     607703     4041190     10                3.9369634E-04
pp_471_l3     607054     4039840     10                1.8363055E-04
pp_472_l3     604953     4038650     10                9.1732796E-05
pp_473_l3     606114     4039410     10                2.7042944E-04
pp_474_l3     606133     4040500     10                1.1726932E-04
pp_475_l3     606568     4040990     10                2.2796523E-04
pp_476_l3     605948     4040810     10                4.2331104E-05
pp_477_l3     603921     4040680     10                3.3225955E-04
pp_478_l3     604351     4040940     10                5.4440364E-04
pp_479_l3     605000     4039700     10                2.5170313E-04
pp_480_l3     604932     4040690     10                5.6985055E-05
pp_481_l3     604747     4041350     10                8.2833379E-04
pp_482_l3     604704     4041650     10                1.0521233E-04
pp_483_l3     608177     4041760     10                2.1589922E-04
pp_484_l3     608195     4042120     10                3.9699393E-04
pp_485_l3     608251     4042230     10                5.2537616E-04
pp_486_l3     608293     4042840     10                2.7876395E-04
pp_487_l3     608435     4043260     10                4.4157390E-04
pp_488_l3     606469     4041330     10                1.9356747E-04
pp_489_l3     605735     4041390     10                2.6112120E-02
pp_490_l3     603818     4041500     10                2.9834636E-04
pp_491_l3     604378     4041420     10                1.9078679E-04
pp_492_l3     604180     4042370     10                1.0012660E-04
pp_493_l3     604763     4042640     10                2.9309626E-04
pp_494_l3     607363     4042870     10                2.5091517E-04
pp_495_l3     607798     4042810     10                2.2498353E-04
pp_496_l3     607649     4042610     10                1.2003914E-04
pp_497_l3     603216     4040330     10                5.1696952E-04
pp_498_l3     602205     4040520     10                5.3700020E-04
pp_499_l3     600725     4042460     10                1.3312047E-05
pp_500_l3     601465     4042540     10                2.3212288E-05
pp_501_l3     601991     4042760     10                2.1942249E-04
pp_502_l3     603647     4042650     10                3.9691835E-04
pp_503_l3     604280     4041710     10                1.4219647E-04
pp_504_l3     603343     4042610     10                2.2673592E-03
pp_505_l3     603448     4042410     10                4.8606351E-06
pp_506_l3     603534     4042690     10                8.9692261E-04
pp_507_l3     603160     4042780     10                8.0181002E-03
pp_508_l3     602996     4042490     10                1.0581293E-04
pp_509_l3     603857     4042240     10                1.1385339E-04
pp_510_l3     597329     4043020     10                4.2963385E-04
pp_511_l3     596878     4044430     10                5.1199078E-04
pp_512_l3     598194     4044240     10                5.0797133E-04
pp_513_l3     600160     4044380     10                4.3646712E-04
pp_514_l3     600026     4043960     10                6.1635393E-04
pp_515_l3     598849     4044440     10                4.7403271E-04
pp_516_l3     599470     4045190     10                4.9080987E-04
pp_517_l3     600007     4045310     10                6.9597266E-04
pp_518_l3     596068     4044340     10                4.9498597E-04
pp_519_l3     596564     4044330     10                5.1471538E-04
pp_520_l3     596121     4044920     10                3.8907234E-04
pp_521_l3     596633     4044140     10                4.5513993E-04
pp_522_l3     596565     4044330     10                3.7460936E-04
pp_523_l3     598355     4044440     10                4.8689957E-04
pp_524_l3     596733     4043660     10                4.6035543E-04
pp_525_l3     598267     4043230     10                4.1730004E-04
pp_526_l3     598551     4044350     10                4.7580957E-04
pp_527_l3     598953     4044950     10                4.8418155E-04
pp_528_l3     599221     4045320     10                3.2903687E-04
pp_529_l3     599450     4044520     10                5.3999589E-04
pp_530_l3     599154     4044170     10                5.4831995E-04
pp_531_l3     598077     4044100     10                4.5238172E-04
pp_532_l3     599274     4043240     10                1.2799465E-04
pp_533_l3     599529     4043170     10                2.5237053E-06
pp_534_l3     598842     4043670     10                5.6465405E-04
pp_535_l3     599559     4043560     10                2.9002368E-04
pp_536_l3     599640     4043260     10                4.2066557E-05
pp_537_l3     599820     4043780     10                4.1130687E-04
pp_538_l3     599597     4043870     10                3.6796066E-04
pp_539_l3     599743     4043630     10                2.9315336E-04
pp_540_l3     599003     4045650     10                8.8650275E-04
pp_541_l3     599242     4046550     10                8.3854646E-04
pp_542_l3     603061     4047330     10                2.0560636E-03
pp_543_l3     600984     4045720     10                5.0129420E-04
pp_544_l3     600749     4045510     10                5.2443805E-04
pp_545_l3     600116     4043050     10                2.3599801E-04
pp_546_l3     599872     4043000     10                4.5925082E-05
pp_547_l3     599847     4043110     10                6.8199946E-05
pp_548_l3     599906     4043240     10                1.9226008E-04
pp_549_l3     600198     4044870     10                4.7869133E-04
pp_550_l3     600243     4043170     10                2.0799620E-04
pp_551_l3     600033     4043450     10                6.3085518E-04
pp_552_l3     599902     4043340     10                2.2202692E-04
pp_553_l3     600033     4043290     10                1.3427534E-04
pp_554_l3     598150     4044540     10                4.4355797E-04
pp_555_l3     598344     4044360     10                4.2274060E-04
pp_556_l3     598349     4044050     10                5.9883102E-04
pp_557_l3     598159     4044340     10                4.8900470E-04
pp_558_l3     596813     4044840     10                4.8309242E-04
pp_559_l3     597046     4046430     10                7.9603117E-04
pp_560_l3     597337     4045900     10                5.7602019E-04
pp_561_l3     598506     4046590     10                1.3607225E-03
pp_562_l3     598748     4046450     10                8.7476274E-04
pp_563_l3     599025     4046770     10                4.2553893E-04
pp_564_l3     598451     4046910     10                7.9328254E-03
pp_565_l3     597936     4045910     10                8.0490156E-04
pp_566_l3     597538     4046820     10                1.6843714E-02
pp_567_l3     598012     4047080     10                8.5578887E-02
pp_568_l3     598256     4044250     10                6.0618199E-04
pp_569_l3     598164     4046760     10                6.6563055E-02
pp_570_l3     598394     4046260     10                1.0475837E-03
pp_571_l3     598673     4046930     10                6.3022285E-04
pp_572_l3     598355     4044250     10                5.3366115E-04
pp_573_l3     597603     4044930     10                6.0979533E-04
pp_574_l3     598144     4046420     10                1.7960896E-02
pp_575_l3     600229     4043620     10                1.0498354E-03
pp_576_l3     601365     4044130     10                5.7150346E-04
pp_577_l3     601309     4043960     10                4.3285720E-04
pp_578_l3     601033     4043990     10                5.3780580E-04
pp_579_l3     601072     4044160     10                4.8767102E-04
pp_580_l3     601153     4044330     10                4.7534172E-04
pp_581_l3     601378     4044330     10                5.8435257E-04
pp_582_l3     600421     4044170     10                3.9876911E-04
pp_583_l3     600749     4045490     10                4.6807843E-04
pp_584_l3     601340     4043430     10                1.8544586E-03
pp_585_l3     600848     4043610     10                1.3102201E-03
pp_586_l3     600744     4043660     10                5.4504136E-04
pp_587_l3     600637     4044350     10                5.0054618E-04
pp_588_l3     600791     4043940     10                6.1121742E-04
pp_589_l3     600931     4044660     10                4.4683233E-04
pp_590_l3     600886     4044360     10                4.5690427E-04
pp_591_l3     602778     4042970     10                1.5651045E-03
pp_592_l3     603038     4043140     10                5.3871557E-04
pp_593_l3     603041     4043140     10                7.6200585E-04
pp_594_l3     603358     4043140     10                7.3441780E-04
pp_595_l3     603349     4042940     10                2.3955709E-03
pp_596_l3     603591     4043870     10                3.6242036E-04
pp_597_l3     603198     4043470     10                7.4552207E-04
pp_598_l3     602842     4043500     10                7.4624717E-04
pp_599_l3     603038     4043510     10                5.6094437E-04
pp_600_l3     602858     4043860     10                4.2457979E-04
pp_601_l3     603555     4044270     10                4.4620857E-04
pp_602_l3     602533     4044090     10                1.7222545E-04
pp_603_l3     601625     4047110     10                3.1221757E-04
pp_604_l3     602633     4046100     10                7.4409104E-04
pp_605_l3     603472     4042890     10                7.2828045E-04
pp_606_l3     604046     4042680     10                6.3132708E-04
pp_607_l3     603486     4042800     10                1.2781313E-03
pp_608_l3     603953     4042850     10                6.8604482E-04
pp_609_l3     602971     4044050     10                8.3482926E-05
pp_610_l3     602408     4043190     10                1.4503529E-03
pp_611_l3     603648     4043380     10                4.7234014E-04
pp_612_l3     603213     4043310     10                5.5961773E-04
pp_613_l3     603771     4043490     10                3.8381335E-04
pp_614_l3     600991     4042950     10                1.0634017E-03
pp_615_l3     600243     4042940     10                1.7856889E-04
pp_616_l3     600315     4042620     10                4.7486720E-04
pp_617_l3     600346     4043310     10                3.4331190E-04
pp_618_l3     600378     4043530     10                6.2787062E-04
pp_619_l3     600774     4043030     10                3.0397144E-04
pp_620_l3     600756     4043150     10                2.7176495E-04
pp_621_l3     600854     4043190     10                3.2420674E-04
pp_622_l3     600964     4043240     10                2.3313244E-03
pp_623_l3     600553     4043030     10                4.3749036E-04
pp_624_l3     600667     4043610     10                5.3245674E-04
pp_625_l3     600693     4043430     10                5.5735958E-04
pp_626_l3     600777     4043260     10                4.4641151E-04
pp_627_l3     600643     4043130     10                3.9806867E-04
pp_628_l3     604373     4043460     10                2.6021012E-04
pp_629_l3     604429     4045670     10                2.5154500E+00
pp_630_l3     605750     4046350     10                4.2877200E-01
pp_631_l3     604232     4043920     10                4.9866752E-04
pp_632_l3     603041     4043510     10                5.6704824E-04
pp_633_l3     600953     4043070     10                5.8333538E-04
pp_634_l3     599984     4042790     10                6.1840739E-05
pp_635_l3     600344     4043030     10                3.4009784E-04
pp_636_l3     600437     4043030     10                5.0892183E-04
pp_637_l3     600665     4042950     10                3.2356507E-04
pp_638_l3     601284     4041970     10                1.3915051E-04
pp_639_l3     600494     4043190     10                3.6775108E-04
pp_640_l3     600736     4042850     10                4.9658543E-04
pp_641_l3     600301     4042850     10                1.8200340E-04
pp_642_l3     600859     4042760     10                2.4097585E-04
pp_643_l3     601560     4043130     10                8.3190950E-04
pp_644_l3     603532     4043220     10                5.7288860E-04
pp_645_l3     603548     4042950     10                5.3748898E-04
pp_646_l3     603700     4043050     10                5.6915211E-04
pp_647_l3     603581     4043030     10                5.7037320E-04
pp_648_l3     603914     4042990     10                4.9885782E-04
pp_649_l3     600466     4042910     10                1.7005481E-04
pp_650_l3     603903     4043300     10                5.3238518E-04
pp_651_l3     604823     4043230     10                2.4088732E-03
pp_652_l3     604640     4043160     10                5.6927716E-04
pp_653_l3     604510     4043670     10                8.5141262E-04
pp_654_l3     607006     4044270     10                7.2960626E-03
pp_655_l3     605281     4044140     10                4.3667572E-03
pp_656_l3     604954     4043370     10                6.0175022E-04
pp_657_l3     605241     4042880     10                5.5539943E-04
pp_658_l3     605019     4042940     10                4.4322206E-04
pp_659_l3     608235     4044250     10                1.9646510E-03
pp_660_l3     607464     4044270     10                1.1087929E-04
pp_661_l3     604836     4042930     10                4.9031526E-04
pp_662_l3     605014     4041850     10                1.1914475E-02
pp_663_l3     604504     4042890     10                4.5054724E-04
pp_664_l3     604836     4042360     10                1.2301114E-04
pp_665_l3     604374     4043180     10                4.7966628E-04
pp_666_l3     604154     4043240     10                4.5569632E-04
pp_667_l3     604306     4043180     10                3.5807394E-04
pp_668_l3     604502     4042960     10                5.4766316E-04
pp_669_l3     610632     4042050     10                2.0497133E-03
pp_670_l3     608529     4045890     10                2.4331490E-04
pp_671_l3     606822     4043330     10                1.0675907E-03
pp_672_l3     608570     4044070     10                1.3629596E-05
pp_673_l3     610715     4043950     10                3.0352777E-04
pp_674_l3     610440     4043260     10                1.3571383E-04
pp_675_l3     610175     4044070     10                1.9069990E-03
pp_676_l3     610645     4043610     10                1.5643013E-04
pp_677_l3     611220     4043780     10                2.7591507E-05
pp_678_l3     611262     4045060     10                1.2528726E-04
pp_679_l3     610587     4044450     10                2.4135502E-03
pp_680_l3     610665     4044150     10                1.8163196E-03
pp_681_l3     610234     4043780     10                9.7800736E-04
pp_682_l3     609780     4045620     10                1.2200120E-01
pp_683_l3     610460     4044140     10                8.3668832E-04
pp_684_l3     609157     4044730     10                4.4591576E-05
pp_685_l3     608893     4045040     10                4.7005057E-05
pp_686_l3     609402     4045150     10                1.0000000E+01
pp_687_l3     609904     4043900     10                2.6097623E-04
pp_688_l3     609964     4043490     10                2.9991628E-05
pp_689_l3     610327     4044040     10                1.7495765E-03
pp_690_l3     609468     4044120     10                1.1733817E-05
pp_691_l3     611037     4044460     10                1.7570647E-04
pp_692_l3     610858     4044330     10                1.2562656E-02
pp_693_l3     611341     4044170     10                1.1408047E-06
pp_694_l3     598952     4047260     10                4.5940491E-06
pp_695_l3     598622     4047210     10                5.2498701E-04
pp_696_l3     597843     4047650     10                7.1079458E-04
pp_697_l3     599234     4047150     10                2.1400328E-04
pp_698_l3     599806     4046970     10                5.4635025E-04
