# Well Pumping Time Series Data for Well DWR542784 : DWR542784
# Start Date 1991
# Transient Simulation
# Created on 23-Apr-2020 15:50:25
# Column-1: Time in days from start date
# Column-2: Pumping Volume in cubic meters
     0  0.00000
  4409  0.00000
  4410 -5.84080
  4439 -5.84080
  4440 -5.48190
  4469 -5.48190
  4470 -6.30520
  4499 -6.30520
  4500 -6.91560
  4529 -6.91560
  4530 -8.54850
  4559 -8.54850
  4560 -9.02190
  4589 -9.02190
  4590 -9.63540
  4619 -9.63540
  4620 -9.63540
  4649 -9.63540
  4650 -8.81050
  4679 -8.81050
  4680 -8.09270
  4709 -8.09270
  4710 -6.59880
  4739 -6.59880
  4740 -5.93020
  4769 -5.93020
  4770 -5.84080
  4799 -5.84080
  4800 -5.48190
  4829 -5.48190
  4830 -6.30520
  4859 -6.30520
  4860 -6.91560
  4889 -6.91560
  4890 -8.54850
  4919 -8.54850
  4920 -9.02190
  4949 -9.02190
  4950 -9.63540
  4979 -9.63540
  4980 -9.63540
  5009 -9.63540
  5010 -8.81050
  5039 -8.81050
  5040 -8.09270
  5069 -8.09270
  5070 -6.59880
  5099 -6.59880
  5100 -5.93020
  5129 -5.93020
  5130 -5.84080
  5159 -5.84080
  5160 -5.48190
  5189 -5.48190
  5190 -6.30520
  5219 -6.30520
  5220 -6.91560
  5249 -6.91560
  5250 -8.54850
  5279 -8.54850
  5280 -9.02190
  5309 -9.02190
  5310 -9.63540
  5339 -9.63540
  5340 -9.63540
  5369 -9.63540
  5370 -8.81050
  5399 -8.81050
  5400 -8.09270
  5429 -8.09270
  5430 -6.59880
  5459 -6.59880
  5460 -5.93020
  5489 -5.93020
  5490 -5.84080
  5519 -5.84080
  5520 -5.48190
  5549 -5.48190
  5550 -6.30520
  5579 -6.30520
  5580 -6.91560
  5609 -6.91560
  5610 -8.54850
  5639 -8.54850
  5640 -9.02190
  5669 -9.02190
  5670 -9.63540
  5699 -9.63540
  5700 -9.63540
  5729 -9.63540
  5730 -8.81050
  5759 -8.81050
  5760 -8.09270
  5789 -8.09270
  5790 -6.59880
  5819 -6.59880
  5820 -5.93020
  5849 -5.93020
  5850 -5.84080
  5879 -5.84080
  5880 -5.48190
  5909 -5.48190
  5910 -6.30520
  5939 -6.30520
  5940 -6.91560
  5969 -6.91560
  5970 -8.54850
  5999 -8.54850
  6000 -9.02190
  6029 -9.02190
  6030 -9.63540
  6059 -9.63540
  6060 -9.63540
  6089 -9.63540
  6090 -8.81050
  6119 -8.81050
  6120 -8.09270
  6149 -8.09270
  6150 -6.59880
  6179 -6.59880
  6180 -5.93020
  6209 -5.93020
  6210 -5.84080
  6239 -5.84080
  6240 -5.48190
  6269 -5.48190
  6270 -6.30520
  6299 -6.30520
  6300 -6.91560
  6329 -6.91560
  6330 -8.54850
  6359 -8.54850
  6360 -9.02190
  6389 -9.02190
  6390 -9.63540
  6419 -9.63540
  6420 -9.63540
  6449 -9.63540
  6450 -8.81050
  6479 -8.81050
  6480 -8.09270
  6509 -8.09270
  6510 -6.59880
  6539 -6.59880
  6540 -5.93020
  6569 -5.93020
  6570 -5.84080
  6599 -5.84080
  6600 -5.48190
  6629 -5.48190
  6630 -6.30520
  6659 -6.30520
  6660 -6.91560
  6689 -6.91560
  6690 -8.54850
  6719 -8.54850
  6720 -9.02190
  6749 -9.02190
  6750 -9.63540
  6779 -9.63540
  6780 -9.63540
  6809 -9.63540
  6810 -8.81050
  6839 -8.81050
  6840 -8.09270
  6869 -8.09270
  6870 -6.59880
  6899 -6.59880
  6900 -5.93020
  6929 -5.93020
  6930 -5.84080
  6959 -5.84080
  6960 -5.48190
  6989 -5.48190
  6990 -6.30520
  7019 -6.30520
  7020 -6.91560
  7049 -6.91560
  7050 -8.54850
  7079 -8.54850
  7080 -9.02190
  7109 -9.02190
  7110 -9.63540
  7139 -9.63540
  7140 -9.63540
  7169 -9.63540
  7170 -8.81050
  7199 -8.81050
  7200 -8.09270
  7229 -8.09270
  7230 -6.59880
  7259 -6.59880
  7260 -5.93020
  7289 -5.93020
  7290 -5.84080
  7319 -5.84080
  7320 -5.48190
  7349 -5.48190
  7350 -6.30520
  7379 -6.30520
  7380 -6.91560
  7409 -6.91560
  7410 -8.54850
  7439 -8.54850
  7440 -9.02190
  7469 -9.02190
  7470 -9.63540
  7499 -9.63540
  7500 -9.63540
  7529 -9.63540
  7530 -8.81050
  7559 -8.81050
  7560 -8.09270
  7589 -8.09270
  7590 -6.59880
  7619 -6.59880
  7620 -5.93020
  7649 -5.93020
  7650 -5.84080
  7679 -5.84080
  7680 -5.48190
  7709 -5.48190
  7710 -6.30520
  7739 -6.30520
  7740 -6.91560
  7769 -6.91560
  7770 -8.54850
  7799 -8.54850
  7800 -9.02190
  7829 -9.02190
  7830 -9.63540
  7859 -9.63540
  7860 -9.63540
  7889 -9.63540
  7890 -8.81050
  7919 -8.81050
  7920 -8.09270
  7949 -8.09270
  7950 -6.59880
  7979 -6.59880
  7980 -5.93020
  8009 -5.93020
  8010 -5.84080
  8039 -5.84080
  8040 -5.48190
  8069 -5.48190
  8070 -6.30520
  8099 -6.30520
  8100 -6.91560
  8129 -6.91560
  8130 -8.54850
  8159 -8.54850
  8160 -9.02190
  8189 -9.02190
  8190 -9.63540
  8219 -9.63540
  8220 -9.63540
  8249 -9.63540
  8250 -8.81050
  8279 -8.81050
  8280 -8.09270
  8309 -8.09270
  8310 -6.59880
  8339 -6.59880
  8340 -5.93020
  8369 -5.93020
  8370 -5.84080
  8399 -5.84080
  8400 -5.48190
  8429 -5.48190
  8430 -6.30520
  8459 -6.30520
  8460 -6.91560
  8489 -6.91560
  8490 -8.54850
  8519 -8.54850
  8520 -9.02190
  8549 -9.02190
  8550 -9.63540
  8579 -9.63540
  8580 -9.63540
  8609 -9.63540
  8610 -8.81050
  8639 -8.81050
  8640 -8.09270
  8669 -8.09270
  8670 -6.59880
  8699 -6.59880
  8700 -5.93020
