# Well Pumping Time Series Data for Well 101100 : 101100
# Start Date 1991
# Transient Simulation
# Created on 23-Apr-2020 15:50:20
# Column-1: Time in days from start date
# Column-2: Pumping Volume in cubic meters
     0  0.00000
     1 -36.22650
    29 -36.22650
    30 -29.53930
    59 -29.53930
    60 -26.54610
    89 -26.54610
    90 -17.04850
   119 -17.04850
   120 -16.00080
   149 -16.00080
   150 -18.40390
   179 -18.40390
   180 -20.18560
   209 -20.18560
   210 -24.95180
   239 -24.95180
   240 -26.33360
   269 -26.33360
   270 -28.12420
   299 -28.12420
   300 -28.12420
   329 -28.12420
   330 -25.71650
   359 -25.71650
   360 -23.62140
   389 -23.62140
   390 -19.26100
   419 -19.26100
   420 -17.30930
   449 -17.30930
   450 -0.72630
   479 -0.72630
   480 -0.68160
   509 -0.68160
   510 -0.78400
   539 -0.78400
   540 -0.85990
   569 -0.85990
   570 -1.06300
   599 -1.06300
   600 -1.12180
   629 -1.12180
   630 -1.19810
   659 -1.19810
   660 -1.19810
   689 -1.19810
   690 -1.09550
   719 -1.09550
   720 -1.00630
   749 -1.00630
   750 -0.82050
   779 -0.82050
   780 -0.73740
   809 -0.73740
   810 -0.00760
   839 -0.00760
   840 -0.00720
   869 -0.00720
   870 -0.00830
   899 -0.00830
   900 -0.00910
   929 -0.00910
   930 -0.01120
   959 -0.01120
   960 -0.01180
   989 -0.01180
   990 -0.01260
  1019 -0.01260
  1020 -0.01260
  1049 -0.01260
  1050 -0.01150
  1079 -0.01150
  1080 -0.01060
  1109 -0.01060
  1110 -0.00860
  1139 -0.00860
  1140 -0.00780
  1169 -0.00780
  1170 -0.00680
  1199 -0.00680
  1200 -0.00640
  1229 -0.00640
  1230 -0.00730
  1259 -0.00730
  1260 -0.00810
  1289 -0.00810
  1290 -0.01000
  1319 -0.01000
  1320 -0.01050
  1349 -0.01050
  1350 -0.01120
  1379 -0.01120
  1380 -0.01120
  1409 -0.01120
  1410 -0.01030
  1439 -0.01030
  1440 -0.00940
  1469 -0.00940
  1470 -0.00770
  1499 -0.00770
  1500 -0.00690
  2249 -0.00690
  2250 -0.90980
  2279 -0.90980
  2280 -0.85390
  2309 -0.85390
  2310 -0.98210
  2339 -0.98210
  2340 -1.07720
  2369 -1.07720
  2370 -1.33150
  2399 -1.33150
  2400 -1.40520
  2429 -1.40520
  2430 -1.50080
  2459 -1.50080
  2460 -1.50080
  2489 -1.50080
  2490 -1.37230
  2519 -1.37230
  2520 -1.26050
  2549 -1.26050
  2550 -1.02780
  2579 -1.02780
  2580 -0.92370
  2609 -0.92370
  2610 -0.33530
  2639 -0.33530
  2640 -0.31470
  2669 -0.31470
  2670 -0.36190
  2699 -0.36190
  2700 -0.39700
  2729 -0.39700
  2730 -0.49070
  2759 -0.49070
  2760 -0.51790
  2789 -0.51790
  2790 -0.55310
  2819 -0.55310
  2820 -0.55310
  2849 -0.55310
  2850 -0.50570
  2879 -0.50570
  2880 -0.46450
  2909 -0.46450
  2910 -0.37880
  2939 -0.37880
  2940 -0.34040
  3329 -0.34040
  3330 -4.31180
  3359 -4.31180
  3360 -4.04680
  3389 -4.04680
  3390 -4.65460
  3419 -4.65460
  3420 -5.10520
  3449 -5.10520
  3450 -6.31070
  3479 -6.31070
  3480 -6.66010
  3509 -6.66010
  3510 -7.11300
  3539 -7.11300
  3540 -7.11300
  3569 -7.11300
  3570 -6.50410
  3599 -6.50410
  3600 -5.97420
  3629 -5.97420
  3630 -4.87140
  3659 -4.87140
  3660 -4.37780
  3689 -4.37780
  3690 -21.21500
  3719 -21.21500
  3720 -19.91130
  3749 -19.91130
  3750 -22.90170
  3779 -22.90170
  3780 -25.11890
  3809 -25.11890
  3810 -31.04990
  3839 -31.04990
  3840 -32.76930
  3869 -32.76930
  3870 -34.99760
  3899 -34.99760
  3900 -34.99760
  3929 -34.99760
  3930 -32.00150
  3959 -32.00150
  3960 -29.39430
  3989 -29.39430
  3990 -23.96830
  4019 -23.96830
  4020 -21.53960
  4049 -21.53960
  4050 -16.70390
  4079 -16.70390
  4080 -15.67740
  4109 -15.67740
  4110 -18.03190
  4139 -18.03190
  4140 -19.77760
  4169 -19.77760
  4170 -24.44750
  4199 -24.44750
  4200 -25.80130
  4229 -25.80130
  4230 -27.55570
  4259 -27.55570
  4260 -27.55570
  4289 -27.55570
  4290 -25.19670
  4319 -25.19670
  4320 -23.14390
  4349 -23.14390
  4350 -18.87170
  4379 -18.87170
  4380 -16.95940
  4409 -16.95940
  4410 -19.70910
  4439 -19.70910
  4440 -18.49790
  4469 -18.49790
  4470 -21.27610
  4499 -21.27610
  4500 -23.33590
  4529 -23.33590
  4530 -28.84580
  4559 -28.84580
  4560 -30.44320
  4589 -30.44320
  4590 -32.51330
  4619 -32.51330
  4620 -32.51330
  4649 -32.51330
  4650 -29.72990
  4679 -29.72990
  4680 -27.30780
  4709 -27.30780
  4710 -22.26690
  4739 -22.26690
  4740 -20.01060
  4769 -20.01060
  4770 -12.08610
  4799 -12.08610
  4800 -11.34340
  4829 -11.34340
  4830 -13.04700
  4859 -13.04700
  4860 -14.31010
  4889 -14.31010
  4890 -17.68900
  4919 -17.68900
  4920 -18.66860
  4949 -18.66860
  4950 -19.93800
  4979 -19.93800
  4980 -19.93800
  5009 -19.93800
  5010 -18.23110
  5039 -18.23110
  5040 -16.74580
  5069 -16.74580
  5070 -13.65460
  5099 -13.65460
  5100 -12.27100
  5129 -12.27100
  5130 -0.07840
  5159 -0.07840
  5160 -0.07350
  5189 -0.07350
  5190 -0.08460
  5219 -0.08460
  5220 -0.09280
  5249 -0.09280
  5250 -0.11470
  5279 -0.11470
  5280 -0.12100
  5309 -0.12100
  5310 -0.12930
  5339 -0.12930
  5340 -0.12930
  5369 -0.12930
  5370 -0.11820
  5399 -0.11820
  5400 -0.10860
  5429 -0.10860
  5430 -0.08850
  5459 -0.08850
  5460 -0.07960
  5489 -0.07960
  5490 -2.11000
  5519 -2.11000
  5520 -1.98040
  5549 -1.98040
  5550 -2.27780
  5579 -2.27780
  5580 -2.49830
  5609 -2.49830
  5610 -3.08820
  5639 -3.08820
  5640 -3.25920
  5669 -3.25920
  5670 -3.48080
  5699 -3.48080
  5700 -3.48080
  5729 -3.48080
  5730 -3.18280
  5759 -3.18280
  5760 -2.92350
  5789 -2.92350
  5790 -2.38390
  5819 -2.38390
  5820 -2.14230
  5849 -2.14230
  5850 -2.22930
  5879 -2.22930
  5880 -2.09230
  5909 -2.09230
  5910 -2.40660
  5939 -2.40660
  5940 -2.63960
  5969 -2.63960
  5970 -3.26280
  5999 -3.26280
  6000 -3.44350
  6029 -3.44350
  6030 -3.67770
  6059 -3.67770
  6060 -3.67770
  6089 -3.67770
  6090 -3.36280
  6119 -3.36280
  6120 -3.08890
  6149 -3.08890
  6150 -2.51870
  6179 -2.51870
  6180 -2.26340
  6209 -2.26340
  6210 -1.40610
  6239 -1.40610
  6240 -1.31970
  6269 -1.31970
  6270 -1.51790
  6299 -1.51790
  6300 -1.66480
  6329 -1.66480
  6330 -2.05790
  6359 -2.05790
  6360 -2.17180
  6389 -2.17180
  6390 -2.31950
  6419 -2.31950
  6420 -2.31950
  6449 -2.31950
  6450 -2.12100
  6479 -2.12100
  6480 -1.94820
  6509 -1.94820
  6510 -1.58850
  6539 -1.58850
  6540 -1.42760
  6569 -1.42760
  6570 -8.76120
  6599 -8.76120
  6600 -8.22280
  6629 -8.22280
  6630 -9.45780
  6659 -9.45780
  6660 -10.37340
  6689 -10.37340
  6690 -12.82280
  6719 -12.82280
  6720 -13.53280
  6749 -13.53280
  6750 -14.45310
  6779 -14.45310
  6780 -14.45310
  6809 -14.45310
  6810 -13.21570
  6839 -13.21570
  6840 -12.13910
  6869 -12.13910
  6870 -9.89830
  6899 -9.89830
  6900 -8.89530
  6929 -8.89530
  6930 -28.55430
  6959 -28.55430
  6960 -26.79950
  6989 -26.79950
  6990 -30.82450
  7019 -30.82450
  7020 -33.80870
  7049 -33.80870
  7050 -41.79150
  7079 -41.79150
  7080 -44.10570
  7109 -44.10570
  7110 -47.10490
  7139 -47.10490
  7140 -47.10490
  7169 -47.10490
  7170 -43.07230
  7199 -43.07230
  7200 -39.56320
  7229 -39.56320
  7230 -32.26000
  7259 -32.26000
  7260 -28.99110
  7289 -28.99110
  7290 -6.33770
  7319 -6.33770
  7320 -5.94830
  7349 -5.94830
  7350 -6.84160
  7379 -6.84160
  7380 -7.50400
  7409 -7.50400
  7410 -9.27580
  7439 -9.27580
  7440 -9.78950
  7469 -9.78950
  7470 -10.45510
  7499 -10.45510
  7500 -10.45510
  7529 -10.45510
  7530 -9.56010
  7559 -9.56010
  7560 -8.78120
  7589 -8.78120
  7590 -7.16030
  7619 -7.16030
  7620 -6.43470
  7649 -6.43470
  7650 -22.74410
  7679 -22.74410
  7680 -21.34640
  7709 -21.34640
  7710 -24.55240
  7739 -24.55240
  7740 -26.92940
  7769 -26.92940
  7770 -33.28780
  7799 -33.28780
  7800 -35.13120
  7829 -35.13120
  7830 -37.52010
  7859 -37.52010
  7860 -37.52010
  7889 -37.52010
  7890 -34.30800
  7919 -34.30800
  7920 -31.51300
  7949 -31.51300
  7950 -25.69580
  7979 -25.69580
  7980 -23.09200
  8009 -23.09200
  8010 -26.34280
  8039 -26.34280
  8040 -24.72400
  8069 -24.72400
  8070 -28.43720
  8099 -28.43720
  8100 -31.19030
  8129 -31.19030
  8130 -38.55490
  8159 -38.55490
  8160 -40.68990
  8189 -40.68990
  8190 -43.45680
  8219 -43.45680
  8220 -43.45680
  8249 -43.45680
  8250 -39.73650
  8279 -39.73650
  8280 -36.49920
  8309 -36.49920
  8310 -29.76160
  8339 -29.76160
  8340 -26.74580
  8369 -26.74580
  8370 -26.34280
  8399 -26.34280
  8400 -24.72400
  8429 -24.72400
  8430 -28.43720
  8459 -28.43720
  8460 -31.19030
  8489 -31.19030
  8490 -38.55490
  8519 -38.55490
  8520 -40.68990
  8549 -40.68990
  8550 -43.45680
  8579 -43.45680
  8580 -43.45680
  8609 -43.45680
  8610 -39.73650
  8639 -39.73650
  8640 -36.49920
  8669 -36.49920
  8670 -29.76160
  8699 -29.76160
  8700 -26.74580
