# Well Pumping Time Series Data for Well 100279 : 100279
# Start Date 1990
# Transient Simulation
# Created on 09-May-2017 20:26:32
# Column-1: Time in days from start date
# Column-2: Pumping Volume in cubic meters
         0  0.00
       810 -0.18
       840 -0.17
       870 -0.20
       900 -0.22
       930 -0.27
       960 -0.28
       990 -0.30
      1020 -0.30
      1050 -0.28
      1080 -0.25
      1110 -0.21
      1140 -0.19
      1170 -0.06
      1200 -0.06
      1230 -0.07
      1260 -0.07
      1290 -0.09
      1320 -0.10
      1350 -0.10
      1380 -0.10
      1410 -0.09
      1440 -0.09
      1470 -0.07
      1500 -0.06
      1530 -0.15
      1560 -0.15
      1590 -0.17
      1620 -0.18
      1650 -0.23
      1680 -0.24
      1710 -0.26
      1740 -0.26
      1770 -0.23
      1800 -0.21
      1830 -0.17
      1860 -0.16
      1890 -0.03
      1920 -0.03
      1950 -0.04
      1980 -0.04
      2010 -0.05
      2040 -0.05
      2070 -0.06
      2100 -0.06
      2130 -0.05
      2160 -0.05
      2190 -0.04
      2220 -0.03
      2250 -0.03
      2280 -0.03
      2310 -0.03
      2340 -0.04
      2370 -0.04
      2400 -0.05
      2430 -0.05
      2460 -0.05
      2490 -0.05
      2520 -0.04
      2550 -0.03
      2580 -0.03
      2610 -0.03
      2640 -0.03
      2670 -0.04
      2700 -0.04
      2730 -0.05
      2760 -0.05
      2790 -0.06
      2820 -0.06
      2850 -0.05
      2880 -0.05
      2910 -0.04
      2940 -0.03
      2970 -0.03
      3000 -0.03
      3030 -0.04
      3060 -0.04
      3090 -0.05
      3120 -0.05
      3150 -0.06
      3180 -0.06
      3210 -0.05
      3240 -0.05
      3270 -0.04
      3300 -0.03
      3330 -0.03
      3360 -0.03
      3390 -0.03
      3420 -0.04
      3450 -0.04
      3480 -0.05
      3510 -0.05
      3540 -0.05
      3570 -0.05
      3600 -0.04
      3630 -0.03
      3660 -0.03
      3690 -0.03
      3720 -0.03
      3750 -0.03
      3780 -0.04
      3810 -0.04
      3840 -0.05
      3870 -0.05
      3900 -0.05
      3930 -0.05
      3960 -0.04
      3990 -0.03
      4020 -0.03
      4050 -0.03
      4080 -0.03
      4110 -0.03
      4140 -0.04
      4170 -0.04
      4200 -0.05
      4230 -0.05
      4260 -0.05
      4290 -0.05
      4320 -0.04
      4350 -0.03
      4380 -0.03
      4410 -0.03
      4440 -0.03
      4470 -0.04
      4500 -0.04
      4530 -0.05
      4560 -0.05
      4590 -0.06
      4620 -0.06
      4650 -0.05
      4680 -0.05
      4710 -0.04
      4740 -0.03
      4770 -0.03
      4800 -0.03
      4830 -0.04
      4860 -0.04
      4890 -0.05
      4920 -0.05
      4950 -0.06
      4980 -0.06
      5010 -0.05
      5040 -0.05
      5070 -0.04
      5100 -0.03
      5130 -0.03
      5160 -0.03
      5190 -0.04
      5220 -0.04
      5250 -0.05
      5280 -0.05
      5310 -0.06
      5340 -0.06
      5370 -0.05
      5400 -0.05
      5430 -0.04
      5460 -0.03
      5490 -0.03
      5520 -0.03
      5550 -0.04
      5580 -0.04
      5610 -0.05
      5640 -0.05
      5670 -0.06
      5700 -0.06
      5730 -0.05
      5760 -0.05
      5790 -0.04
      5820 -0.03
      5850 -0.03
      5880 -0.03
      5910 -0.04
      5940 -0.04
      5970 -0.05
      6000 -0.05
      6030 -0.06
      6060 -0.06
      6090 -0.05
      6120 -0.05
      6150 -0.04
      6180 -0.03
      6210 -0.03
      6240 -0.03
      6270 -0.04
      6300 -0.04
      6330 -0.05
      6360 -0.05
      6390 -0.06
      6420 -0.06
      6450 -0.05
      6480 -0.05
      6510 -0.04
      6540 -0.03
      6570 -0.07
      6600 -0.06
      6630 -0.07
      6660 -0.08
      6690 -0.10
      6720 -0.11
      6750 -0.11
      6780 -0.11
      6810 -0.10
      6840 -0.10
      6870 -0.08
      6900 -0.07
      6930 -0.07
      6960 -0.06
      6990 -0.07
      7020 -0.08
      7050 -0.10
      7080 -0.11
      7110 -0.11
      7140 -0.11
      7170 -0.10
      7200 -0.10
      7230 -0.08
      7260 -0.07
      7290 -0.03
      7320 -0.03
      7350 -0.03
      7380 -0.04
      7410 -0.04
      7440 -0.05
      7470 -0.05
      7500 -0.05
      7530 -0.05
      7560 -0.04
      7590 -0.03
      7620 -0.03
      7650 -0.03
      7680 -0.03
      7710 -0.04
      7740 -0.04
      7770 -0.05
      7800 -0.05
      7830 -0.06
      7860 -0.06
      7890 -0.05
      7920 -0.05
      7950 -0.04
      7980 -0.03
      8010 -0.03
      8040 -0.03
      8070 -0.04
      8100 -0.04
      8130 -0.05
      8160 -0.05
      8190 -0.06
      8220 -0.06
      8250 -0.05
      8280 -0.05
      8310 -0.04
      8340 -0.03
      8370 -0.03
      8400 -0.03
      8430 -0.04
      8460 -0.04
      8490 -0.05
      8520 -0.05
      8550 -0.06
      8580 -0.06
      8610 -0.05
