# Well Pumping Time Series Data for Well 100521 : 100521
# Start Date 1990
# Transient Simulation
# Created on 09-May-2017 20:26:33
# Column-1: Time in days from start date
# Column-2: Pumping Volume in cubic meters
         0  0.00
         1 -36.65
        30 -29.88
        60 -26.86
        90 -4.79
       120 -4.50
       150 -5.17
       180 -5.68
       210 -7.02
       240 -7.40
       270 -7.91
       300 -7.91
       330 -7.23
       360 -6.64
       390 -5.42
       420 -4.87
       450 -4.50
       480 -4.22
       510 -4.85
       540 -5.32
       570 -6.58
       600 -6.94
       630 -7.42
       660 -7.42
       690 -6.78
       720 -6.23
       750 -5.08
       780 -4.56
       810 -6.73
       840 -6.31
       870 -7.26
       900 -7.97
       930 -9.85
       960 -10.39
       990 -11.10
      1020 -11.10
      1050 -10.15
      1080 -9.32
      1110 -7.60
      1140 -6.83
      1170 -5.91
      1200 -5.54
      1230 -6.37
      1260 -6.99
      1290 -8.64
      1320 -9.12
      1350 -9.74
      1380 -9.74
      1410 -8.91
      1440 -8.18
      1470 -6.67
      1500 -6.00
      1890 -0.52
      1920 -0.49
      1950 -0.56
      1980 -0.61
      2010 -0.76
      2040 -0.80
      2070 -0.85
      2100 -0.85
      2130 -0.78
      2160 -0.72
      2190 -0.59
      2220 -0.53
      2250 -0.53
      2280 -0.50
      2310 -0.57
      2340 -0.62
      2370 -0.77
      2400 -0.81
      2430 -0.87
      2460 -0.87
      2490 -0.80
      2520 -0.73
      2550 -0.60
      2580 -0.54
      2610 -3.26
      2640 -3.06
      2670 -3.52
      2700 -3.86
      2730 -4.77
      2760 -5.03
      2790 -5.38
      2820 -5.38
      2850 -4.92
      2880 -4.52
      2910 -3.68
      2940 -3.31
      2970 -4.08
      3000 -3.83
      3030 -4.40
      3060 -4.83
      3090 -5.97
      3120 -6.30
      3150 -6.73
      3180 -6.73
      3210 -6.15
      3240 -5.65
      3270 -4.61
      3300 -4.14
      3330 -6.06
      3360 -5.69
      3390 -6.54
      3420 -7.18
      3450 -8.87
      3480 -9.36
      3510 -10.00
      3540 -10.00
      3570 -9.14
      3600 -8.40
      3630 -6.85
      3660 -6.16
      3690 -4.84
      3720 -4.54
      3750 -5.22
      3780 -5.73
      3810 -7.08
      3840 -7.47
      3870 -7.98
      3900 -7.98
      3930 -7.30
      3960 -6.71
      3990 -5.47
      4020 -4.91
      4050 -2.37
      4080 -2.23
      4110 -2.56
      4140 -2.81
      4170 -3.47
      4200 -3.67
      4230 -3.92
      4260 -3.92
      4290 -3.58
      4320 -3.29
      4350 -2.68
      4380 -2.41
      4410 -3.41
      4440 -3.20
      4470 -3.68
      4500 -4.04
      4530 -4.99
      4560 -5.27
      4590 -5.63
      4620 -5.63
      4650 -5.15
      4680 -4.73
      4710 -3.86
      4740 -3.46
      4770 -3.12
      4800 -2.93
      4830 -3.37
      4860 -3.70
      4890 -4.57
      4920 -4.82
      4950 -5.15
      4980 -5.15
      5010 -4.71
      5040 -4.33
      5070 -3.53
      5100 -3.17
      5130 -2.19
      5160 -2.06
      5190 -2.36
      5220 -2.59
      5250 -3.21
      5280 -3.38
      5310 -3.61
      5340 -3.61
      5370 -3.30
      5400 -3.03
      5430 -2.47
      5460 -2.22
      5490 -2.22
      5520 -2.08
      5550 -2.39
      5580 -2.63
      5610 -3.24
      5640 -3.42
      5670 -3.66
      5700 -3.66
      5730 -3.34
      5760 -3.07
      5790 -2.50
      5820 -2.25
      5850 -0.86
      5880 -0.81
      5910 -0.93
      5940 -1.02
      5970 -1.27
      6000 -1.34
      6030 -1.43
      6060 -1.43
      6090 -1.30
      6120 -1.20
      6150 -0.98
      6180 -0.88
      6210 -2.98
      6240 -2.79
      6270 -3.21
      6300 -3.52
      6330 -4.36
      6360 -4.60
      6390 -4.91
      6420 -4.91
      6450 -4.49
      6480 -4.12
      6510 -3.36
      6540 -3.02
      6570 -2.98
      6600 -2.79
      6630 -3.21
      6660 -3.52
      6690 -4.36
      6720 -4.60
      6750 -4.91
      6780 -4.91
      6810 -4.49
      6840 -4.12
      6870 -3.36
      6900 -3.02
      6930 -3.06
      6960 -2.87
      6990 -3.30
      7020 -3.62
      7050 -4.48
      7080 -4.72
      7110 -5.04
      7140 -5.04
      7170 -4.61
      7200 -4.24
      7230 -3.45
      7260 -3.10
      7290 -4.37
      7320 -4.10
      7350 -4.72
      7380 -5.18
      7410 -6.40
      7440 -6.75
      7470 -7.21
      7500 -7.21
      7530 -6.60
      7560 -6.06
      7590 -4.94
      7620 -4.44
      7650 -16.57
      7680 -15.56
      7710 -17.89
      7740 -19.62
      7770 -24.26
      7800 -25.60
      7830 -27.34
      7860 -27.34
      7890 -25.00
      7920 -22.97
      7950 -18.73
      7980 -16.83
      8010 -5.68
      8040 -5.33
      8070 -6.13
      8100 -6.72
      8130 -8.31
      8160 -8.77
      8190 -9.36
      8220 -9.36
      8250 -8.56
      8280 -7.87
      8310 -6.41
      8340 -5.76
      8370 -3.16
      8400 -2.96
      8430 -3.41
      8460 -3.74
      8490 -4.62
      8520 -4.87
      8550 -5.21
      8580 -5.21
      8610 -4.76
