# Well Pumping Time Series Data for Well 101034 : 101034
# Start Date 1991
# Transient Simulation
# Created on 23-Apr-2020 15:50:19
# Column-1: Time in days from start date
# Column-2: Pumping Volume in cubic meters
     0  0.00000
     1 -1.95960
    29 -1.95960
    30 -1.59790
    59 -1.59790
    60 -1.43600
    89 -1.43600
    90 -1.41430
   119 -1.41430
   120 -1.32740
   149 -1.32740
   150 -1.52680
   179 -1.52680
   180 -1.67460
   209 -1.67460
   210 -2.07000
   239 -2.07000
   240 -2.18460
   269 -2.18460
   270 -2.33320
   299 -2.33320
   300 -2.33320
   329 -2.33320
   330 -2.13340
   359 -2.13340
   360 -1.95960
   389 -1.95960
   390 -1.59790
   419 -1.59790
   420 -1.43600
   449 -1.43600
   450 -0.40520
   479 -0.40520
   480 -0.38030
   509 -0.38030
   510 -0.43740
   539 -0.43740
   540 -0.47970
   569 -0.47970
   570 -0.59300
   599 -0.59300
   600 -0.62590
   629 -0.62590
   630 -0.66840
   659 -0.66840
   660 -0.66840
   689 -0.66840
   690 -0.61120
   719 -0.61120
   720 -0.56140
   749 -0.56140
   750 -0.45780
   779 -0.45780
   780 -0.41140
   809 -0.41140
   810 -0.35930
   839 -0.35930
   840 -0.33720
   869 -0.33720
   870 -0.38790
   899 -0.38790
   900 -0.42540
   929 -0.42540
   930 -0.52590
   959 -0.52590
   960 -0.55500
   989 -0.55500
   990 -0.59280
  1019 -0.59280
  1020 -0.59280
  1049 -0.59280
  1050 -0.54200
  1079 -0.54200
  1080 -0.49790
  1109 -0.49790
  1110 -0.40590
  1139 -0.40590
  1140 -0.36480
  1169 -0.36480
  1170 -0.93270
  1199 -0.93270
  1200 -0.87540
  1229 -0.87540
  1230 -1.00690
  1259 -1.00690
  1260 -1.10430
  1289 -1.10430
  1290 -1.36510
  1319 -1.36510
  1320 -1.44070
  1349 -1.44070
  1350 -1.53860
  1379 -1.53860
  1380 -1.53860
  1409 -1.53860
  1410 -1.40690
  1439 -1.40690
  1440 -1.29230
  1469 -1.29230
  1470 -1.05370
  1499 -1.05370
  1500 -0.94700
  1529 -0.94700
  1530 -1.30620
  1559 -1.30620
  1560 -1.22600
  1589 -1.22600
  1590 -1.41010
  1619 -1.41010
  1620 -1.54660
  1649 -1.54660
  1650 -1.91180
  1679 -1.91180
  1680 -2.01760
  1709 -2.01760
  1710 -2.15480
  1739 -2.15480
  1740 -2.15480
  1769 -2.15480
  1770 -1.97040
  1799 -1.97040
  1800 -1.80980
  1829 -1.80980
  1830 -1.47580
  1859 -1.47580
  1860 -1.32620
  1889 -1.32620
  1890 -1.14930
  1919 -1.14930
  1920 -1.07870
  1949 -1.07870
  1950 -1.24070
  1979 -1.24070
  1980 -1.36080
  2009 -1.36080
  2010 -1.68220
  2039 -1.68220
  2040 -1.77530
  2069 -1.77530
  2070 -1.89600
  2099 -1.89600
  2100 -1.89600
  2129 -1.89600
  2130 -1.73370
  2159 -1.73370
  2160 -1.59250
  2189 -1.59250
  2190 -1.29850
  2219 -1.29850
  2220 -1.16690
  2249 -1.16690
  2250 -1.69720
  2279 -1.69720
  2280 -1.59290
  2309 -1.59290
  2310 -1.83210
  2339 -1.83210
  2340 -2.00950
  2369 -2.00950
  2370 -2.48400
  2399 -2.48400
  2400 -2.62150
  2429 -2.62150
  2430 -2.79980
  2459 -2.79980
  2460 -2.79980
  2489 -2.79980
  2490 -2.56010
  2519 -2.56010
  2520 -2.35150
  2549 -2.35150
  2550 -1.91750
  2579 -1.91750
  2580 -1.72320
  2609 -1.72320
  2610 -0.24060
  2639 -0.24060
  2640 -0.22580
  2669 -0.22580
  2670 -0.25970
  2699 -0.25970
  2700 -0.28480
  2729 -0.28480
  2730 -0.35210
  2759 -0.35210
  2760 -0.37160
  2789 -0.37160
  2790 -0.39690
  2819 -0.39690
  2820 -0.39690
  2849 -0.39690
  2850 -0.36290
  2879 -0.36290
  2880 -0.33330
  2909 -0.33330
  2910 -0.27180
  2939 -0.27180
  2940 -0.24430
  2969 -0.24430
  2970 -0.32990
  2999 -0.32990
  3000 -0.30960
  3029 -0.30960
  3030 -0.35610
  3059 -0.35610
  3060 -0.39060
  3089 -0.39060
  3090 -0.48280
  3119 -0.48280
  3120 -0.50960
  3149 -0.50960
  3150 -0.54420
  3179 -0.54420
  3180 -0.54420
  3209 -0.54420
  3210 -0.49760
  3239 -0.49760
  3240 -0.45710
  3269 -0.45710
  3270 -0.37270
  3299 -0.37270
  3300 -0.33490
  3329 -0.33490
  3330 -0.29820
  3359 -0.29820
  3360 -0.27980
  3389 -0.27980
  3390 -0.32190
  3419 -0.32190
  3420 -0.35300
  3449 -0.35300
  3450 -0.43640
  3479 -0.43640
  3480 -0.46050
  3509 -0.46050
  3510 -0.49190
  3539 -0.49190
  3540 -0.49190
  3569 -0.49190
  3570 -0.44980
  3599 -0.44980
  3600 -0.41310
  3629 -0.41310
  3630 -0.33690
  3659 -0.33690
  3660 -0.30270
  3689 -0.30270
  3690 -0.19880
  3719 -0.19880
  3720 -0.18660
  3749 -0.18660
  3750 -0.21460
  3779 -0.21460
  3780 -0.23530
  3809 -0.23530
  3810 -0.29090
  3839 -0.29090
  3840 -0.30700
  3869 -0.30700
  3870 -0.32790
  3899 -0.32790
  3900 -0.32790
  3929 -0.32790
  3930 -0.29980
  3959 -0.29980
  3960 -0.27540
  3989 -0.27540
  3990 -0.22460
  4019 -0.22460
  4020 -0.20180
  4049 -0.20180
  4050 -0.21510
  4079 -0.21510
  4080 -0.20190
  4109 -0.20190
  4110 -0.23220
  4139 -0.23220
  4140 -0.25470
  4169 -0.25470
  4170 -0.31490
  4199 -0.31490
  4200 -0.33230
  4229 -0.33230
  4230 -0.35490
  4259 -0.35490
  4260 -0.35490
  4289 -0.35490
  4290 -0.32450
  4319 -0.32450
  4320 -0.29810
  4349 -0.29810
  4350 -0.24310
  4379 -0.24310
  4380 -0.21840
  4409 -0.21840
  4410 -0.10500
  4439 -0.10500
  4440 -0.09850
  4469 -0.09850
  4470 -0.11330
  4499 -0.11330
  4500 -0.12430
  4529 -0.12430
  4530 -0.15360
  4559 -0.15360
  4560 -0.16210
  4589 -0.16210
  4590 -0.17320
  4619 -0.17320
  4620 -0.17320
  4649 -0.17320
  4650 -0.15830
  4679 -0.15830
  4680 -0.14540
  4709 -0.14540
  4710 -0.11860
  4739 -0.11860
  4740 -0.10660
  4769 -0.10660
  4770 -0.12010
  4799 -0.12010
  4800 -0.11270
  4829 -0.11270
  4830 -0.12960
  4859 -0.12960
  4860 -0.14220
  4889 -0.14220
  4890 -0.17580
  4919 -0.17580
  4920 -0.18550
  4949 -0.18550
  4950 -0.19810
  4979 -0.19810
  4980 -0.19810
  5009 -0.19810
  5010 -0.18120
  5039 -0.18120
  5040 -0.16640
  5069 -0.16640
  5070 -0.13570
  5099 -0.13570
  5100 -0.12190
  5129 -0.12190
  5130 -0.01390
  5159 -0.01390
  5160 -0.01310
  5189 -0.01310
  5190 -0.01500
  5219 -0.01500
  5220 -0.01650
  5249 -0.01650
  5250 -0.02040
  5279 -0.02040
  5280 -0.02150
  5309 -0.02150
  5310 -0.02300
  5339 -0.02300
  5340 -0.02300
  5369 -0.02300
  5370 -0.02100
  5399 -0.02100
  5400 -0.01930
  5429 -0.01930
  5430 -0.01570
  5459 -0.01570
  5460 -0.01410
  5489 -0.01410
  5490 -0.00760
  5519 -0.00760
  5520 -0.00720
  5549 -0.00720
  5550 -0.00830
  5579 -0.00830
  5580 -0.00910
  5609 -0.00910
  5610 -0.01120
  5639 -0.01120
  5640 -0.01180
  5669 -0.01180
  5670 -0.01260
  5699 -0.01260
  5700 -0.01260
  5729 -0.01260
  5730 -0.01150
  5759 -0.01150
  5760 -0.01060
  5789 -0.01060
  5790 -0.00860
  5819 -0.00860
  5820 -0.00780
  5849 -0.00780
  5850 -0.02250
  5879 -0.02250
  5880 -0.02110
  5909 -0.02110
  5910 -0.02430
  5939 -0.02430
  5940 -0.02670
  5969 -0.02670
  5970 -0.03300
  5999 -0.03300
  6000 -0.03480
  6029 -0.03480
  6030 -0.03720
  6059 -0.03720
  6060 -0.03720
  6089 -0.03720
  6090 -0.03400
  6119 -0.03400
  6120 -0.03120
  6149 -0.03120
  6150 -0.02540
  6179 -0.02540
  6180 -0.02290
  6569 -0.02290
  6570 -0.01530
  6599 -0.01530
  6600 -0.01440
  6629 -0.01440
  6630 -0.01650
  6659 -0.01650
  6660 -0.01810
  6689 -0.01810
  6690 -0.02240
  6719 -0.02240
  6720 -0.02360
  6749 -0.02360
  6750 -0.02520
  6779 -0.02520
  6780 -0.02520
  6809 -0.02520
  6810 -0.02310
  6839 -0.02310
  6840 -0.02120
  6869 -0.02120
  6870 -0.01730
  6899 -0.01730
  6900 -0.01550
  6929 -0.01550
  6930 -0.01530
  6959 -0.01530
  6960 -0.01440
  6989 -0.01440
  6990 -0.01650
  7019 -0.01650
  7020 -0.01810
  7049 -0.01810
  7050 -0.02240
  7079 -0.02240
  7080 -0.02360
  7109 -0.02360
  7110 -0.02520
  7139 -0.02520
  7140 -0.02520
  7169 -0.02520
  7170 -0.02310
  7199 -0.02310
  7200 -0.02120
  7229 -0.02120
  7230 -0.01730
  7259 -0.01730
  7260 -0.01550
  7289 -0.01550
  7290 -0.03060
  7319 -0.03060
  7320 -0.02870
  7349 -0.02870
  7350 -0.03300
  7379 -0.03300
  7380 -0.03620
  7409 -0.03620
  7410 -0.04480
  7439 -0.04480
  7440 -0.04720
  7469 -0.04720
  7470 -0.05040
  7499 -0.05040
  7500 -0.05040
  7529 -0.05040
  7530 -0.04610
  7559 -0.04610
  7560 -0.04240
  7589 -0.04240
  7590 -0.03450
  7619 -0.03450
  7620 -0.03100
  7649 -0.03100
  7650 -0.06700
  7679 -0.06700
  7680 -0.06290
  7709 -0.06290
  7710 -0.07240
  7739 -0.07240
  7740 -0.07940
  7769 -0.07940
  7770 -0.09810
  7799 -0.09810
  7800 -0.10350
  7829 -0.10350
  7830 -0.11060
  7859 -0.11060
  7860 -0.11060
  7889 -0.11060
  7890 -0.10110
  7919 -0.10110
  7920 -0.09290
  7949 -0.09290
  7950 -0.07570
  7979 -0.07570
  7980 -0.06810
  8009 -0.06810
  8010 -0.05130
  8039 -0.05130
  8040 -0.04810
  8069 -0.04810
  8070 -0.05530
  8099 -0.05530
  8100 -0.06070
  8129 -0.06070
  8130 -0.07500
  8159 -0.07500
  8160 -0.07920
  8189 -0.07920
  8190 -0.08460
  8219 -0.08460
  8220 -0.08460
  8249 -0.08460
  8250 -0.07730
  8279 -0.07730
  8280 -0.07100
  8309 -0.07100
  8310 -0.05790
  8339 -0.05790
  8340 -0.05200
  8369 -0.05200
  8370 -0.02430
  8399 -0.02430
  8400 -0.02280
  8429 -0.02280
  8430 -0.02620
  8459 -0.02620
  8460 -0.02880
  8489 -0.02880
  8490 -0.03560
  8519 -0.03560
  8520 -0.03750
  8549 -0.03750
  8550 -0.04010
  8579 -0.04010
  8580 -0.04010
  8609 -0.04010
  8610 -0.03670
  8639 -0.03670
  8640 -0.03370
  8669 -0.03370
  8670 -0.02750
  8699 -0.02750
  8700 -0.02470
