# Well Pumping Time Series Data for Well 101054 : 101054
# Start Date 1991
# Transient Simulation
# Created on 23-Apr-2020 15:50:19
# Column-1: Time in days from start date
# Column-2: Pumping Volume in cubic meters
     0  0.00000
     1 -76.12870
    29 -76.12870
    30 -62.07570
    59 -62.07570
    60 -55.78550
    89 -55.78550
    90 -7.90500
   119 -7.90500
   120 -7.41920
   149 -7.41920
   150 -8.53350
   179 -8.53350
   180 -9.35960
   209 -9.35960
   210 -11.56960
   239 -11.56960
   240 -12.21030
   269 -12.21030
   270 -13.04050
   299 -13.04050
   300 -13.04050
   329 -13.04050
   330 -11.92420
   359 -11.92420
   360 -10.95270
   389 -10.95270
   390 -8.93090
   419 -8.93090
   420 -8.02590
   449 -8.02590
   450 -8.16490
   479 -8.16490
   480 -7.66320
   509 -7.66320
   510 -8.81410
   539 -8.81410
   540 -9.66740
   569 -9.66740
   570 -11.95000
   599 -11.95000
   600 -12.61180
   629 -12.61180
   630 -13.46930
   659 -13.46930
   660 -13.46930
   689 -13.46930
   690 -12.31620
   719 -12.31620
   720 -11.31290
   749 -11.31290
   750 -9.22460
   779 -9.22460
   780 -8.28980
   809 -8.28980
   810 -24.05900
   839 -24.05900
   840 -22.58050
   869 -22.58050
   870 -25.97180
   899 -25.97180
   900 -28.48620
   929 -28.48620
   930 -35.21230
   959 -35.21230
   960 -37.16220
   989 -37.16220
   990 -39.68920
  1019 -39.68920
  1020 -39.68920
  1049 -39.68920
  1050 -36.29140
  1079 -36.29140
  1080 -33.33480
  1109 -33.33480
  1110 -27.18130
  1139 -27.18130
  1140 -24.42700
  1169 -24.42700
  1170 -14.59560
  1199 -14.59560
  1200 -13.69870
  1229 -13.69870
  1230 -15.75610
  1259 -15.75610
  1260 -17.28150
  1289 -17.28150
  1290 -21.36190
  1319 -21.36190
  1320 -22.54480
  1349 -22.54480
  1350 -24.07790
  1379 -24.07790
  1380 -24.07790
  1409 -24.07790
  1410 -22.01660
  1439 -22.01660
  1440 -20.22290
  1469 -20.22290
  1470 -16.48980
  1499 -16.48980
  1500 -14.81890
  1529 -14.81890
  1530 -3.74020
  1559 -3.74020
  1560 -3.51030
  1589 -3.51030
  1590 -4.03760
  1619 -4.03760
  1620 -4.42840
  1649 -4.42840
  1650 -5.47410
  1679 -5.47410
  1680 -5.77720
  1709 -5.77720
  1710 -6.17000
  1739 -6.17000
  1740 -6.17000
  1769 -6.17000
  1770 -5.64180
  1799 -5.64180
  1800 -5.18220
  1829 -5.18220
  1830 -4.22560
  1859 -4.22560
  1860 -3.79740
  1889 -3.79740
  1890 -19.77620
  1919 -19.77620
  1920 -18.56100
  1949 -18.56100
  1950 -21.34860
  1979 -21.34860
  1980 -23.41540
  2009 -23.41540
  2010 -28.94420
  2039 -28.94420
  2040 -30.54700
  2069 -30.54700
  2070 -32.62410
  2099 -32.62410
  2100 -32.62410
  2129 -32.62410
  2130 -29.83120
  2159 -29.83120
  2160 -27.40090
  2189 -27.40090
  2190 -22.34280
  2219 -22.34280
  2220 -20.07880
  2249 -20.07880
  2250 -14.33450
  2279 -14.33450
  2280 -13.45360
  2309 -13.45360
  2310 -15.47410
  2339 -15.47410
  2340 -16.97220
  2369 -16.97220
  2370 -20.97970
  2399 -20.97970
  2400 -22.14140
  2429 -22.14140
  2430 -23.64700
  2459 -23.64700
  2460 -23.64700
  2489 -23.64700
  2490 -21.62260
  2519 -21.62260
  2520 -19.86100
  2549 -19.86100
  2550 -16.19480
  2579 -16.19480
  2580 -14.55380
  2609 -14.55380
  2610 -13.84660
  2639 -13.84660
  2640 -12.99570
  2669 -12.99570
  2670 -14.94750
  2699 -14.94750
  2700 -16.39460
  2729 -16.39460
  2730 -20.26560
  2759 -20.26560
  2760 -21.38780
  2789 -21.38780
  2790 -22.84220
  2819 -22.84220
  2820 -22.84220
  2849 -22.84220
  2850 -20.88670
  2879 -20.88670
  2880 -19.18510
  2909 -19.18510
  2910 -15.64360
  2939 -15.64360
  2940 -14.05840
  2969 -14.05840
  2970 -7.11660
  2999 -7.11660
  3000 -6.67930
  3029 -6.67930
  3030 -7.68250
  3059 -7.68250
  3060 -8.42620
  3089 -8.42620
  3090 -10.41580
  3119 -10.41580
  3120 -10.99260
  3149 -10.99260
  3150 -11.74010
  3179 -11.74010
  3180 -11.74010
  3209 -11.74010
  3210 -10.73500
  3239 -10.73500
  3240 -9.86040
  3269 -9.86040
  3270 -8.04020
  3299 -8.04020
  3300 -7.22550
  3329 -7.22550
  3330 -3.04270
  3359 -3.04270
  3360 -2.85570
  3389 -2.85570
  3390 -3.28460
  3419 -3.28460
  3420 -3.60260
  3449 -3.60260
  3450 -4.45330
  3479 -4.45330
  3480 -4.69990
  3509 -4.69990
  3510 -5.01950
  3539 -5.01950
  3540 -5.01950
  3569 -5.01950
  3570 -4.58980
  3599 -4.58980
  3600 -4.21580
  3629 -4.21580
  3630 -3.43760
  3659 -3.43760
  3660 -3.08930
  3689 -3.08930
  3690 -10.70310
  3719 -10.70310
  3720 -10.04530
  3749 -10.04530
  3750 -11.55400
  3779 -11.55400
  3780 -12.67260
  3809 -12.67260
  3810 -15.66480
  3839 -15.66480
  3840 -16.53230
  3869 -16.53230
  3870 -17.65640
  3899 -17.65640
  3900 -17.65640
  3929 -17.65640
  3930 -16.14490
  3959 -16.14490
  3960 -14.82960
  3989 -14.82960
  3990 -12.09210
  4019 -12.09210
  4020 -10.86680
  4049 -10.86680
  4050 -3.61490
  4079 -3.61490
  4080 -3.39280
  4109 -3.39280
  4110 -3.90230
  4139 -3.90230
  4140 -4.28010
  4169 -4.28010
  4170 -5.29080
  4199 -5.29080
  4200 -5.58370
  4229 -5.58370
  4230 -5.96340
  4259 -5.96340
  4260 -5.96340
  4289 -5.96340
  4290 -5.45290
  4319 -5.45290
  4320 -5.00870
  4349 -5.00870
  4350 -4.08410
  4379 -4.08410
  4380 -3.67020
  4409 -3.67020
  4410 -19.22360
  4439 -19.22360
  4440 -18.04220
  4469 -18.04220
  4470 -20.75200
  4499 -20.75200
  4500 -22.76100
  4529 -22.76100
  4530 -28.13520
  4559 -28.13520
  4560 -29.69330
  4589 -29.69330
  4590 -31.71240
  4619 -31.71240
  4620 -31.71240
  4649 -31.71240
  4650 -28.99750
  4679 -28.99750
  4680 -26.63510
  4709 -26.63510
  4710 -21.71840
  4739 -21.71840
  4740 -19.51770
  4769 -19.51770
  4770 -13.00490
  4799 -13.00490
  4800 -12.20570
  4829 -12.20570
  4830 -14.03890
  4859 -14.03890
  4860 -15.39800
  4889 -15.39800
  4890 -19.03370
  4919 -19.03370
  4920 -20.08770
  4949 -20.08770
  4950 -21.45370
  4979 -21.45370
  4980 -21.45370
  5009 -21.45370
  5010 -19.61700
  5039 -19.61700
  5040 -18.01890
  5069 -18.01890
  5070 -14.69270
  5099 -14.69270
  5100 -13.20380
  5129 -13.20380
  5130 -14.73650
  5159 -14.73650
  5160 -13.83090
  5189 -13.83090
  5190 -15.90810
  5219 -15.90810
  5220 -17.44820
  5249 -17.44820
  5250 -21.56800
  5279 -21.56800
  5280 -22.76240
  5309 -22.76240
  5310 -24.31020
  5339 -24.31020
  5340 -24.31020
  5369 -24.31020
  5370 -22.22900
  5399 -22.22900
  5400 -20.41800
  5429 -20.41800
  5430 -16.64900
  5459 -16.64900
  5460 -14.96190
  5489 -14.96190
  5490 -6.63590
  5519 -6.63590
  5520 -6.22810
  5549 -6.22810
  5550 -7.16350
  5579 -7.16350
  5580 -7.85700
  5609 -7.85700
  5610 -9.71220
  5639 -9.71220
  5640 -10.25000
  5669 -10.25000
  5670 -10.94700
  5699 -10.94700
  5700 -10.94700
  5729 -10.94700
  5730 -10.00980
  5759 -10.00980
  5760 -9.19430
  5789 -9.19430
  5790 -7.49710
  5819 -7.49710
  5820 -6.73740
  5849 -6.73740
  5850 -20.05460
  5879 -20.05460
  5880 -18.82220
  5909 -18.82220
  5910 -21.64910
  5939 -21.64910
  5940 -23.74500
  5969 -23.74500
  5970 -29.35160
  5999 -29.35160
  6000 -30.97700
  6029 -30.97700
  6030 -33.08340
  6059 -33.08340
  6060 -33.08340
  6089 -33.08340
  6090 -30.25110
  6119 -30.25110
  6120 -27.78660
  6149 -27.78660
  6150 -22.65730
  6179 -22.65730
  6180 -20.36140
  6209 -20.36140
  6210 -5.17010
  6239 -5.17010
  6240 -4.85240
  6269 -4.85240
  6270 -5.58110
  6299 -5.58110
  6300 -6.12150
  6329 -6.12150
  6330 -7.56680
  6359 -7.56680
  6360 -7.98590
  6389 -7.98590
  6390 -8.52890
  6419 -8.52890
  6420 -8.52890
  6449 -8.52890
  6450 -7.79870
  6479 -7.79870
  6480 -7.16340
  6509 -7.16340
  6510 -5.84110
  6539 -5.84110
  6540 -5.24920
  6569 -5.24920
  6570 -5.16810
  6599 -5.16810
  6600 -4.85050
  6629 -4.85050
  6630 -5.57890
  6659 -5.57890
  6660 -6.11910
  6689 -6.11910
  6690 -7.56390
  6719 -7.56390
  6720 -7.98270
  6749 -7.98270
  6750 -8.52550
  6779 -8.52550
  6780 -8.52550
  6809 -8.52550
  6810 -7.79570
  6839 -7.79570
  6840 -7.16060
  6869 -7.16060
  6870 -5.83880
  6899 -5.83880
  6900 -5.24710
  6929 -5.24710
  6930 -13.76110
  6959 -13.76110
  6960 -12.91540
  6989 -12.91540
  6990 -14.85520
  7019 -14.85520
  7020 -16.29330
  7049 -16.29330
  7050 -20.14050
  7079 -20.14050
  7080 -21.25580
  7109 -21.25580
  7110 -22.70110
  7139 -22.70110
  7140 -22.70110
  7169 -22.70110
  7170 -20.75770
  7199 -20.75770
  7200 -19.06660
  7229 -19.06660
  7230 -15.54700
  7259 -15.54700
  7260 -13.97160
  7289 -13.97160
  7290 -13.76110
  7319 -13.76110
  7320 -12.91540
  7349 -12.91540
  7350 -14.85520
  7379 -14.85520
  7380 -16.29330
  7409 -16.29330
  7410 -20.14050
  7439 -20.14050
  7440 -21.25580
  7469 -21.25580
  7470 -22.70110
  7499 -22.70110
  7500 -22.70110
  7529 -22.70110
  7530 -20.75770
  7559 -20.75770
  7560 -19.06660
  7589 -19.06660
  7590 -15.54700
  7619 -15.54700
  7620 -13.97160
  7649 -13.97160
  7650 -18.45350
  7679 -18.45350
  7680 -17.31950
  7709 -17.31950
  7710 -19.92070
  7739 -19.92070
  7740 -21.84930
  7769 -21.84930
  7770 -27.00820
  7799 -27.00820
  7800 -28.50390
  7829 -28.50390
  7830 -30.44210
  7859 -30.44210
  7860 -30.44210
  7889 -30.44210
  7890 -27.83590
  7919 -27.83590
  7920 -25.56820
  7949 -25.56820
  7950 -20.84840
  7979 -20.84840
  7980 -18.73580
  8009 -18.73580
  8010 -9.65700
  8039 -9.65700
  8040 -9.06360
  8069 -9.06360
  8070 -10.42480
  8099 -10.42480
  8100 -11.43400
  8129 -11.43400
  8130 -14.13380
  8159 -14.13380
  8160 -14.91650
  8189 -14.91650
  8190 -15.93080
  8219 -15.93080
  8220 -15.93080
  8249 -15.93080
  8250 -14.56700
  8279 -14.56700
  8280 -13.38020
  8309 -13.38020
  8310 -10.91030
  8339 -10.91030
  8340 -9.80470
  8369 -9.80470
  8370 -20.53580
  8399 -20.53580
  8400 -19.27380
  8429 -19.27380
  8430 -22.16850
  8459 -22.16850
  8460 -24.31470
  8489 -24.31470
  8490 -30.05580
  8519 -30.05580
  8520 -31.72010
  8549 -31.72010
  8550 -33.87710
  8579 -33.87710
  8580 -33.87710
  8609 -33.87710
  8610 -30.97690
  8639 -30.97690
  8640 -28.45320
  8669 -28.45320
  8670 -23.20090
  8699 -23.20090
  8700 -20.84990
