# Well Pumping Time Series Data for Well 101080 : 101080
# Start Date 1991
# Transient Simulation
# Created on 23-Apr-2020 15:50:19
# Column-1: Time in days from start date
# Column-2: Pumping Volume in cubic meters
     0  0.00000
    89  0.00000
    90 -1.13910
   119 -1.13910
   120 -1.06910
   149 -1.06910
   150 -1.22970
   179 -1.22970
   180 -1.34870
   209 -1.34870
   210 -1.66720
   239 -1.66720
   240 -1.75950
   269 -1.75950
   270 -1.87920
   299 -1.87920
   300 -1.87920
   329 -1.87920
   330 -1.71830
   359 -1.71830
   360 -1.57830
   389 -1.57830
   390 -1.28690
   419 -1.28690
   420 -1.15650
   449 -1.15650
   450 -1.13910
   479 -1.13910
   480 -1.06910
   509 -1.06910
   510 -1.22970
   539 -1.22970
   540 -1.34870
   569 -1.34870
   570 -1.66720
   599 -1.66720
   600 -1.75950
   629 -1.75950
   630 -1.87920
   659 -1.87920
   660 -1.87920
   689 -1.87920
   690 -1.71830
   719 -1.71830
   720 -1.57830
   749 -1.57830
   750 -1.28690
   779 -1.28690
   780 -1.15650
   809 -1.15650
   810 -0.97090
   839 -0.97090
   840 -0.91130
   869 -0.91130
   870 -1.04810
   899 -1.04810
   900 -1.14960
   929 -1.14960
   930 -1.42100
   959 -1.42100
   960 -1.49970
   989 -1.49970
   990 -1.60170
  1019 -1.60170
  1020 -1.60170
  1049 -1.60170
  1050 -1.46460
  1079 -1.46460
  1080 -1.34530
  1109 -1.34530
  1110 -1.09690
  1139 -1.09690
  1140 -0.98580
  1169 -0.98580
  1170 -0.46860
  1199 -0.46860
  1200 -0.43980
  1229 -0.43980
  1230 -0.50590
  1259 -0.50590
  1260 -0.55480
  1289 -0.55480
  1290 -0.68580
  1319 -0.68580
  1320 -0.72380
  1349 -0.72380
  1350 -0.77300
  1379 -0.77300
  1380 -0.77300
  1409 -0.77300
  1410 -0.70690
  1439 -0.70690
  1440 -0.64930
  1469 -0.64930
  1470 -0.52940
  1499 -0.52940
  1500 -0.47580
  1529 -0.47580
  1530 -0.46860
  1559 -0.46860
  1560 -0.43980
  1589 -0.43980
  1590 -0.50590
  1619 -0.50590
  1620 -0.55480
  1649 -0.55480
  1650 -0.68580
  1679 -0.68580
  1680 -0.72380
  1709 -0.72380
  1710 -0.77300
  1739 -0.77300
  1740 -0.77300
  1769 -0.77300
  1770 -0.70690
  1799 -0.70690
  1800 -0.64930
  1829 -0.64930
  1830 -0.52940
  1859 -0.52940
  1860 -0.47580
  1889 -0.47580
  1890 -0.46860
  1919 -0.46860
  1920 -0.43980
  1949 -0.43980
  1950 -0.50590
  1979 -0.50590
  1980 -0.55480
  2009 -0.55480
  2010 -0.68580
  2039 -0.68580
  2040 -0.72380
  2069 -0.72380
  2070 -0.77300
  2099 -0.77300
  2100 -0.77300
  2129 -0.77300
  2130 -0.70690
  2159 -0.70690
  2160 -0.64930
  2189 -0.64930
  2190 -0.52940
  2219 -0.52940
  2220 -0.47580
  2249 -0.47580
  2250 -0.04590
  2279 -0.04590
  2280 -0.04310
  2309 -0.04310
  2310 -0.04950
  2339 -0.04950
  2340 -0.05430
  2369 -0.05430
  2370 -0.06710
  2399 -0.06710
  2400 -0.07090
  2429 -0.07090
  2430 -0.07570
  2459 -0.07570
  2460 -0.07570
  2489 -0.07570
  2490 -0.06920
  2519 -0.06920
  2520 -0.06360
  2549 -0.06360
  2550 -0.05180
  2579 -0.05180
  2580 -0.04660
  2609 -0.04660
  2610 -0.04420
  2639 -0.04420
  2640 -0.04150
  2669 -0.04150
  2670 -0.04770
  2699 -0.04770
  2700 -0.05240
  2729 -0.05240
  2730 -0.06470
  2759 -0.06470
  2760 -0.06830
  2789 -0.06830
  2790 -0.07300
  2819 -0.07300
  2820 -0.07300
  2849 -0.07300
  2850 -0.06670
  2879 -0.06670
  2880 -0.06130
  2909 -0.06130
  2910 -0.05000
  2939 -0.05000
  2940 -0.04490
  2969 -0.04490
  2970 -0.04420
  2999 -0.04420
  3000 -0.04150
  3029 -0.04150
  3030 -0.04770
  3059 -0.04770
  3060 -0.05240
  3089 -0.05240
  3090 -0.06470
  3119 -0.06470
  3120 -0.06830
  3149 -0.06830
  3150 -0.07300
  3179 -0.07300
  3180 -0.07300
  3209 -0.07300
  3210 -0.06670
  3239 -0.06670
  3240 -0.06130
  3269 -0.06130
  3270 -0.05000
  3299 -0.05000
  3300 -0.04490
  3329 -0.04490
  3330 -0.04590
  3359 -0.04590
  3360 -0.04310
  3389 -0.04310
  3390 -0.04950
  3419 -0.04950
  3420 -0.05430
  3449 -0.05430
  3450 -0.06710
  3479 -0.06710
  3480 -0.07090
  3509 -0.07090
  3510 -0.07570
  3539 -0.07570
  3540 -0.07570
  3569 -0.07570
  3570 -0.06920
  3599 -0.06920
  3600 -0.06360
  3629 -0.06360
  3630 -0.05180
  3659 -0.05180
  3660 -0.04660
  3689 -0.04660
  3690 -0.04590
  3719 -0.04590
  3720 -0.04310
  3749 -0.04310
  3750 -0.04950
  3779 -0.04950
  3780 -0.05430
  3809 -0.05430
  3810 -0.06710
  3839 -0.06710
  3840 -0.07090
  3869 -0.07090
  3870 -0.07570
  3899 -0.07570
  3900 -0.07570
  3929 -0.07570
  3930 -0.06920
  3959 -0.06920
  3960 -0.06360
  3989 -0.06360
  3990 -0.05180
  4019 -0.05180
  4020 -0.04660
  4049 -0.04660
  4050 -0.04590
  4079 -0.04590
  4080 -0.04310
  4109 -0.04310
  4110 -0.04950
  4139 -0.04950
  4140 -0.05430
  4169 -0.05430
  4170 -0.06710
  4199 -0.06710
  4200 -0.07090
  4229 -0.07090
  4230 -0.07570
  4259 -0.07570
  4260 -0.07570
  4289 -0.07570
  4290 -0.06920
  4319 -0.06920
  4320 -0.06360
  4349 -0.06360
  4350 -0.05180
  4379 -0.05180
  4380 -0.04660
  4409 -0.04660
  4410 -0.04420
  4439 -0.04420
  4440 -0.04150
  4469 -0.04150
  4470 -0.04770
  4499 -0.04770
  4500 -0.05240
  4529 -0.05240
  4530 -0.06470
  4559 -0.06470
  4560 -0.06830
  4589 -0.06830
  4590 -0.07300
  4619 -0.07300
  4620 -0.07300
  4649 -0.07300
  4650 -0.06670
  4679 -0.06670
  4680 -0.06130
  4709 -0.06130
  4710 -0.05000
  4739 -0.05000
  4740 -0.04490
  4769 -0.04490
  4770 -1.52900
  4799 -1.52900
  4800 -1.43500
  4829 -1.43500
  4830 -1.65060
  4859 -1.65060
  4860 -1.81040
  4889 -1.81040
  4890 -2.23780
  4919 -2.23780
  4920 -2.36180
  4949 -2.36180
  4950 -2.52230
  4979 -2.52230
  4980 -2.52230
  5009 -2.52230
  5010 -2.30640
  5039 -2.30640
  5040 -2.11850
  5069 -2.11850
  5070 -1.72740
  5099 -1.72740
  5100 -1.55240
  5129 -1.55240
  5130 -1.52900
  5159 -1.52900
  5160 -1.43500
  5189 -1.43500
  5190 -1.65060
  5219 -1.65060
  5220 -1.81040
  5249 -1.81040
  5250 -2.23780
  5279 -2.23780
  5280 -2.36180
  5309 -2.36180
  5310 -2.52230
  5339 -2.52230
  5340 -2.52230
  5369 -2.52230
  5370 -2.30640
  5399 -2.30640
  5400 -2.11850
  5429 -2.11850
  5430 -1.72740
  5459 -1.72740
  5460 -1.55240
  5489 -1.55240
  5490 -1.52900
  5519 -1.52900
  5520 -1.43500
  5549 -1.43500
  5550 -1.65060
  5579 -1.65060
  5580 -1.81040
  5609 -1.81040
  5610 -2.23780
  5639 -2.23780
  5640 -2.36180
  5669 -2.36180
  5670 -2.52230
  5699 -2.52230
  5700 -2.52230
  5729 -2.52230
  5730 -2.30640
  5759 -2.30640
  5760 -2.11850
  5789 -2.11850
  5790 -1.72740
  5819 -1.72740
  5820 -1.55240
  5849 -1.55240
  5850 -1.52900
  5879 -1.52900
  5880 -1.43500
  5909 -1.43500
  5910 -1.65060
  5939 -1.65060
  5940 -1.81040
  5969 -1.81040
  5970 -2.23780
  5999 -2.23780
  6000 -2.36180
  6029 -2.36180
  6030 -2.52230
  6059 -2.52230
  6060 -2.52230
  6089 -2.52230
  6090 -2.30640
  6119 -2.30640
  6120 -2.11850
  6149 -2.11850
  6150 -1.72740
  6179 -1.72740
  6180 -1.55240
  6209 -1.55240
  6210 -1.52900
  6239 -1.52900
  6240 -1.43500
  6269 -1.43500
  6270 -1.65060
  6299 -1.65060
  6300 -1.81040
  6329 -1.81040
  6330 -2.23780
  6359 -2.23780
  6360 -2.36180
  6389 -2.36180
  6390 -2.52230
  6419 -2.52230
  6420 -2.52230
  6449 -2.52230
  6450 -2.30640
  6479 -2.30640
  6480 -2.11850
  6509 -2.11850
  6510 -1.72740
  6539 -1.72740
  6540 -1.55240
  6569 -1.55240
  6570 -1.52900
  6599 -1.52900
  6600 -1.43500
  6629 -1.43500
  6630 -1.65060
  6659 -1.65060
  6660 -1.81040
  6689 -1.81040
  6690 -2.23780
  6719 -2.23780
  6720 -2.36180
  6749 -2.36180
  6750 -2.52230
  6779 -2.52230
  6780 -2.52230
  6809 -2.52230
  6810 -2.30640
  6839 -2.30640
  6840 -2.11850
  6869 -2.11850
  6870 -1.72740
  6899 -1.72740
  6900 -1.55240
  6929 -1.55240
  6930 -1.52900
  6959 -1.52900
  6960 -1.43500
  6989 -1.43500
  6990 -1.65060
  7019 -1.65060
  7020 -1.81040
  7049 -1.81040
  7050 -2.23780
  7079 -2.23780
  7080 -2.36180
  7109 -2.36180
  7110 -2.52230
  7139 -2.52230
  7140 -2.52230
  7169 -2.52230
  7170 -2.30640
  7199 -2.30640
  7200 -2.11850
  7229 -2.11850
  7230 -1.72740
  7259 -1.72740
  7260 -1.55240
  7289 -1.55240
  7290 -1.64370
  7319 -1.64370
  7320 -1.54270
  7349 -1.54270
  7350 -1.77440
  7379 -1.77440
  7380 -1.94610
  7409 -1.94610
  7410 -2.40570
  7439 -2.40570
  7440 -2.53890
  7469 -2.53890
  7470 -2.71150
  7499 -2.71150
  7500 -2.71150
  7529 -2.71150
  7530 -2.47940
  7559 -2.47940
  7560 -2.27740
  7589 -2.27740
  7590 -1.85700
  7619 -1.85700
  7620 -1.66880
  7649 -1.66880
  7650 -1.49680
  7679 -1.49680
  7680 -1.40480
  7709 -1.40480
  7710 -1.61580
  7739 -1.61580
  7740 -1.77220
  7769 -1.77220
  7770 -2.19060
  7799 -2.19060
  7800 -2.31200
  7829 -2.31200
  7830 -2.46920
  7859 -2.46920
  7860 -2.46920
  7889 -2.46920
  7890 -2.25780
  7919 -2.25780
  7920 -2.07380
  7949 -2.07380
  7950 -1.69100
  7979 -1.69100
  7980 -1.51970
  8009 -1.51970
  8010 -1.42690
  8039 -1.42690
  8040 -1.33920
  8069 -1.33920
  8070 -1.54030
  8099 -1.54030
  8100 -1.68940
  8129 -1.68940
  8130 -2.08830
  8159 -2.08830
  8160 -2.20400
  8189 -2.20400
  8190 -2.35380
  8219 -2.35380
  8220 -2.35380
  8249 -2.35380
  8250 -2.15230
  8279 -2.15230
  8280 -1.97700
  8309 -1.97700
  8310 -1.61200
  8339 -1.61200
  8340 -1.44870
  8369 -1.44870
  8370 -0.29190
  8399 -0.29190
  8400 -0.27400
  8429 -0.27400
  8430 -0.31510
  8459 -0.31510
  8460 -0.34560
  8489 -0.34560
  8490 -0.42720
  8519 -0.42720
  8520 -0.45090
  8549 -0.45090
  8550 -0.48150
  8579 -0.48150
  8580 -0.48150
  8609 -0.48150
  8610 -0.44030
  8639 -0.44030
  8640 -0.40440
  8669 -0.40440
  8670 -0.32980
  8699 -0.32980
  8700 -0.29640
