# Well Pumping Time Series Data for Well 101247 : 101247
# Start Date 1990
# Transient Simulation
# Created on 09-May-2017 20:26:38
# Column-1: Time in days from start date
# Column-2: Pumping Volume in cubic meters
         0  0.00
         1 -2.65
        30 -2.16
        60 -1.94
        90 -2.87
       120 -2.69
       150 -3.09
       180 -3.39
       210 -4.20
       240 -4.43
       270 -4.73
       300 -4.73
       330 -4.32
       360 -3.97
       390 -3.24
       420 -2.91
       450 -1.93
       480 -1.81
       510 -2.08
       540 -2.28
       570 -2.82
       600 -2.98
       630 -3.18
       660 -3.18
       690 -2.91
       720 -2.67
       750 -2.18
       780 -1.96
       810 -1.93
       840 -1.81
       870 -2.08
       900 -2.28
       930 -2.82
       960 -2.98
       990 -3.18
      1020 -3.18
      1050 -2.91
      1080 -2.67
      1110 -2.18
      1140 -1.96
      1170 -2.14
      1200 -2.01
      1230 -2.31
      1260 -2.53
      1290 -3.13
      1320 -3.31
      1350 -3.53
      1380 -3.53
      1410 -3.23
      1440 -2.97
      1470 -2.42
      1500 -2.17
      1530 -2.20
      1560 -2.07
      1590 -2.38
      1620 -2.61
      1650 -3.22
      1680 -3.40
      1710 -3.63
      1740 -3.63
      1770 -3.32
      1800 -3.05
      1830 -2.49
      1860 -2.24
      1890 -2.11
      1920 -1.98
      1950 -2.28
      1980 -2.50
      2010 -3.09
      2040 -3.26
      2070 -3.49
      2100 -3.49
      2130 -3.19
      2160 -2.93
      2190 -2.39
      2220 -2.15
      2250 -2.00
      2280 -1.87
      2310 -2.15
      2340 -2.36
      2370 -2.92
      2400 -3.08
      2430 -3.29
      2460 -3.29
      2490 -3.01
      2520 -2.76
      2550 -2.25
      2580 -2.03
      2610 -2.05
      2640 -1.93
      2670 -2.22
      2700 -2.43
      2730 -3.00
      2760 -3.17
      2790 -3.39
      2820 -3.39
      2850 -3.10
      2880 -2.84
      2910 -2.32
      2940 -2.08
      2970 -2.20
      3000 -2.07
      3030 -2.38
      3060 -2.61
      3090 -3.22
      3120 -3.40
      3150 -3.63
      3180 -3.63
      3210 -3.32
      3240 -3.05
      3270 -2.49
      3300 -2.24
      3330 -1.93
      3360 -1.82
      3390 -2.09
      3420 -2.29
      3450 -2.83
      3480 -2.99
      3510 -3.19
      3540 -3.19
      3570 -2.92
      3600 -2.68
      3630 -2.19
      3660 -1.96
      3690 -1.13
      3720 -1.06
      3750 -1.22
      3780 -1.34
      3810 -1.66
      3840 -1.75
      3870 -1.87
      3900 -1.87
      3930 -1.71
      3960 -1.57
      3990 -1.28
      4020 -1.15
      4050 -1.80
      4080 -1.69
      4110 -1.94
      4140 -2.13
      4170 -2.63
      4200 -2.78
      4230 -2.97
      4260 -2.97
      4290 -2.71
      4320 -2.49
      4350 -2.03
      4380 -1.83
      4410 -1.66
      4440 -1.56
      4470 -1.79
      4500 -1.96
      4530 -2.43
      4560 -2.56
      4590 -2.73
      4620 -2.73
      4650 -2.50
      4680 -2.30
      4710 -1.87
      4740 -1.68
      4770 -0.38
      4800 -0.36
      4830 -0.41
      4860 -0.45
      4890 -0.56
      4920 -0.59
      4950 -0.63
      4980 -0.63
      5010 -0.58
      5040 -0.53
      5070 -0.43
      5100 -0.39
      5130 -0.13
      5160 -0.12
      5190 -0.14
      5220 -0.15
      5250 -0.19
      5280 -0.20
      5310 -0.21
      5340 -0.21
      5370 -0.19
      5400 -0.18
      5430 -0.14
      5460 -0.13
      5490 -0.38
      5520 -0.36
      5550 -0.41
      5580 -0.45
      5610 -0.56
      5640 -0.59
      5670 -0.63
      5700 -0.63
      5730 -0.58
      5760 -0.53
      5790 -0.43
      5820 -0.39
      5850 -0.38
      5880 -0.36
      5910 -0.41
      5940 -0.45
      5970 -0.56
      6000 -0.59
      6030 -0.63
      6060 -0.63
      6090 -0.58
      6120 -0.53
      6150 -0.43
      6180 -0.39
      6210 -0.38
      6240 -0.36
      6270 -0.41
      6300 -0.45
      6330 -0.56
      6360 -0.59
      6390 -0.63
      6420 -0.63
      6450 -0.58
      6480 -0.53
      6510 -0.43
      6540 -0.39
      6570 -0.38
      6600 -0.36
      6630 -0.41
      6660 -0.45
      6690 -0.56
      6720 -0.59
      6750 -0.63
      6780 -0.63
      6810 -0.58
      6840 -0.53
      6870 -0.43
      6900 -0.39
      7290 -0.38
      7320 -0.36
      7350 -0.41
      7380 -0.45
      7410 -0.56
      7440 -0.59
      7470 -0.63
      7500 -0.63
      7530 -0.58
      7560 -0.53
      7590 -0.43
      7620 -0.39
      7650 -0.15
      7680 -0.15
      7710 -0.17
      7740 -0.18
      7770 -0.23
      7800 -0.24
      7830 -0.26
      7860 -0.26
      7890 -0.23
      7920 -0.21
      7950 -0.17
      7980 -0.16
      8370 -0.15
      8400 -0.14
      8430 -0.17
      8460 -0.18
      8490 -0.22
      8520 -0.24
      8550 -0.25
      8580 -0.25
      8610 -0.23
