# Well Pumping Time Series Data for Well 102399 : 102399
# Start Date 1990
# Transient Simulation
# Created on 09-May-2017 20:26:39
# Column-1: Time in days from start date
# Column-2: Pumping Volume in cubic meters
         0  0.00
      1890 -2.37
      1920 -2.22
      1950 -2.56
      1980 -2.80
      2010 -3.47
      2040 -3.66
      2070 -3.91
      2100 -3.91
      2130 -3.57
      2160 -3.28
      2190 -2.67
      2220 -2.40
      2250 -3.62
      2280 -3.39
      2310 -3.90
      2340 -4.28
      2370 -5.29
      2400 -5.59
      2430 -5.97
      2460 -5.97
      2490 -5.45
      2520 -5.01
      2550 -4.09
      2580 -3.67
      2610 -2.10
      2640 -1.97
      2670 -2.26
      2700 -2.48
      2730 -3.07
      2760 -3.24
      2790 -3.46
      2820 -3.46
      2850 -3.16
      2880 -2.90
      2910 -2.37
      2940 -2.13
      2970 -2.11
      3000 -1.98
      3030 -2.28
      3060 -2.50
      3090 -3.09
      3120 -3.26
      3150 -3.48
      3180 -3.48
      3210 -3.18
      3240 -2.92
      3270 -2.38
      3300 -2.14
      3330 -1.73
      3360 -1.62
      3390 -1.87
      3420 -2.05
      3450 -2.53
      3480 -2.67
      3510 -2.85
      3540 -2.85
      3570 -2.61
      3600 -2.39
      3630 -1.95
      3660 -1.75
      3690 -1.97
      3720 -1.85
      3750 -2.13
      3780 -2.34
      3810 -2.89
      3840 -3.05
      3870 -3.25
      3900 -3.25
      3930 -2.98
      3960 -2.73
      3990 -2.23
      4020 -2.00
      4050 -1.04
      4080 -0.98
      4110 -1.13
      4140 -1.23
      4170 -1.53
      4200 -1.61
      4230 -1.72
      4260 -1.72
      4290 -1.57
      4320 -1.44
      4350 -1.18
      4380 -1.06
      4410 -1.90
      4440 -1.78
      4470 -2.05
      4500 -2.25
      4530 -2.78
      4560 -2.93
      4590 -3.13
      4620 -3.13
      4650 -2.86
      4680 -2.63
      4710 -2.14
      4740 -1.93
      4770 -2.48
      4800 -2.33
      4830 -2.68
      4860 -2.94
      4890 -3.64
      4920 -3.84
      4950 -4.10
      4980 -4.10
      5010 -3.75
      5040 -3.44
      5070 -2.81
      5100 -2.52
      5130 -1.56
      5160 -1.46
      5190 -1.68
      5220 -1.84
      5250 -2.28
      5280 -2.40
      5310 -2.57
      5340 -2.57
      5370 -2.35
      5400 -2.16
      5430 -1.76
      5460 -1.58
      5490 -1.38
      5520 -1.29
      5550 -1.49
      5580 -1.63
      5610 -2.01
      5640 -2.13
      5670 -2.27
      5700 -2.27
      5730 -2.08
      5760 -1.91
      5790 -1.55
      5820 -1.40
      5850 -2.23
      5880 -2.09
      5910 -2.40
      5940 -2.64
      5970 -3.26
      6000 -3.44
      6030 -3.68
      6060 -3.68
      6090 -3.36
      6120 -3.09
      6150 -2.52
      6180 -2.26
      6210 -2.16
      6240 -2.03
      6270 -2.34
      6300 -2.56
      6330 -3.17
      6360 -3.34
      6390 -3.57
      6420 -3.57
      6450 -3.27
      6480 -3.00
      6510 -2.45
      6540 -2.20
      6570 -2.01
      6600 -1.89
      6630 -2.17
      6660 -2.38
      6690 -2.94
      6720 -3.11
      6750 -3.32
      6780 -3.32
      6810 -3.03
      6840 -2.79
      6870 -2.27
      6900 -2.04
      6930 -1.41
      6960 -1.33
      6990 -1.53
      7020 -1.67
      7050 -2.07
      7080 -2.18
      7110 -2.33
      7140 -2.33
      7170 -2.13
      7200 -1.96
      7230 -1.60
      7260 -1.44
      7290 -1.40
      7320 -1.31
      7350 -1.51
      7380 -1.66
      7410 -2.05
      7440 -2.16
      7470 -2.31
      7500 -2.31
      7530 -2.11
      7560 -1.94
      7590 -1.58
      7620 -1.42
      7650 -1.40
      7680 -1.31
      7710 -1.51
      7740 -1.66
      7770 -2.05
      7800 -2.16
      7830 -2.31
      7860 -2.31
      7890 -2.11
      7920 -1.94
      7950 -1.58
      7980 -1.42
      8010 -1.40
      8040 -1.31
      8070 -1.51
      8100 -1.66
      8130 -2.05
      8160 -2.16
      8190 -2.31
      8220 -2.31
      8250 -2.11
      8280 -1.94
      8310 -1.58
      8340 -1.42
      8370 -1.68
      8400 -1.58
      8430 -1.82
      8460 -1.99
      8490 -2.46
      8520 -2.60
      8550 -2.78
      8580 -2.78
      8610 -2.54
