# Well Pumping Time Series Data for Well 102000 : 102000
# Start Date 1991
# Steady State Simulation
# Created on 18-May-2018 13:29:00
# Column-1: Time in days from start date
# Column-2: Pumping Volume in cubic meters
         0 -0.49
         1 -0.49
        60 -0.40
        90 -0.36
       120 -0.35
       150 -0.33
       180 -0.38
       210 -0.41
       240 -0.51
       270 -0.54
       300 -0.58
       330 -0.58
       360 -0.53
       390 -0.49
       420 -0.40
       450 -0.36
       480 -0.38
       510 -0.35
       540 -0.41
       570 -0.45
       600 -0.55
       630 -0.58
       660 -0.62
       690 -0.62
       720 -0.57
       750 -0.52
       780 -0.42
       810 -0.38
       840 -0.35
       870 -0.33
       900 -0.38
       930 -0.41
       960 -0.51
       990 -0.54
      1020 -0.58
      1050 -0.58
      1080 -0.53
      1110 -0.49
      1140 -0.40
      1170 -0.36
      1200 -0.35
      1230 -0.33
      1260 -0.38
      1290 -0.41
      1320 -0.51
      1350 -0.54
      1380 -0.58
      1410 -0.58
      1440 -0.53
      1470 -0.49
      1500 -0.40
      1530 -0.36
      1560 -0.38
      1590 -0.35
      1620 -0.41
      1650 -0.45
      1680 -0.55
      1710 -0.58
      1740 -0.62
      1770 -0.62
      1800 -0.57
      1830 -0.52
      1860 -0.42
      1890 -0.38
      1920 -0.35
      1950 -0.33
      1980 -0.38
      2010 -0.41
      2040 -0.51
      2070 -0.54
      2100 -0.58
      2130 -0.58
      2160 -0.53
      2190 -0.49
      2220 -0.40
      2250 -0.36
      2280 -0.35
      2310 -0.33
      2340 -0.38
      2370 -0.41
      2400 -0.51
      2430 -0.54
      2460 -0.58
      2490 -0.58
      2520 -0.53
      2550 -0.49
      2580 -0.40
      2610 -0.36
      2640 -0.38
      2670 -0.35
      2700 -0.41
      2730 -0.45
      2760 -0.55
      2790 -0.58
      2820 -0.62
      2850 -0.62
      2880 -0.57
      2910 -0.52
      2940 -0.42
      2970 -0.38
      3000 -0.35
      3030 -0.33
      3060 -0.38
      3090 -0.41
      3120 -0.51
      3150 -0.54
      3180 -0.58
      3210 -0.58
      3240 -0.53
      3270 -0.49
      3300 -0.40
      3330 -0.36
      3360 -0.35
      3390 -0.33
      3420 -0.38
      3450 -0.41
      3480 -0.51
      3510 -0.54
      3540 -0.58
      3570 -0.58
      3600 -0.53
      3630 -0.49
      3660 -0.40
      3690 -0.36
      3720 -0.38
      3750 -0.35
      3780 -0.41
      3810 -0.45
      3840 -0.55
      3870 -0.58
      3900 -0.62
      3930 -0.62
      3960 -0.57
      3990 -0.52
      4020 -0.42
      4050 -0.38
